2789
2
121.489657 31.264897
121.431623 31.182022
121.460787 31.200312
121.523915 31.242793
121.519152 31.254478
121.433072 31.203492
121.492407 31.249473
121.453602 31.207567
121.452532 31.232850
121.470818 31.264415
121.554435 31.203680
121.587607 31.087450
121.484053 31.260522
121.430860 31.213955
121.510843 31.314152
121.552027 31.288400
121.493425 31.342265
121.501995 31.258223
121.411280 31.159212
121.513837 31.223603
121.475127 31.239240
121.537295 31.280480
121.462643 31.298750
121.501827 31.284145
121.545108 31.239800
121.554870 31.250987
121.467410 31.242287
121.456873 31.238975
121.488883 31.255357
121.382308 31.201555
121.475623 31.251230
121.488045 31.234420
121.475628 31.236280
121.540148 31.295520
121.513208 31.213288
121.572152 31.301845
121.406455 31.201815
121.543930 31.199765
121.477543 31.222455
121.516978 31.318160
121.756533 31.056020
121.481692 31.230398
121.519552 31.259108
121.437032 31.196035
121.414753 31.172670
121.456743 31.247320
121.470042 31.249382
121.605788 31.280912
121.481838 31.302663
121.427380 31.219217
121.387640 31.261497
121.485622 31.223402
121.402512 31.161273
121.563157 31.148575
121.585760 31.272052
121.579577 31.088462
121.502212 31.272515
121.514030 31.214440
121.542720 31.283537
121.482495 31.278495
121.532145 31.265130
121.524990 31.285488
121.505538 31.309942
121.553578 31.240447
121.516403 31.228167
121.448108 31.202040
121.466540 31.249055
121.397418 31.207742
121.523437 31.323680
121.442882 31.243607
121.465988 31.223447
121.468793 31.235495
121.477748 31.268567
121.499585 31.279652
121.443233 31.212347
121.362705 31.191422
121.441578 31.220080
121.485232 31.248047
121.481372 31.235845
121.491762 31.272048
121.502255 31.258723
121.387347 31.270922
121.488228 31.214798
121.495783 31.227627
121.490178 31.305267
121.492875 31.341137
121.443685 31.217728
121.509443 31.305423
121.388617 31.215330
121.506657 31.275407
121.433393 31.201043
121.531370 31.231520
121.484077 31.260692
121.491912 31.180812
121.509712 31.299612
121.480788 31.237970
121.537615 31.298248
121.437447 31.186418
121.423417 31.204458
121.742375 31.177667
121.487315 31.233450
121.485313 31.295092
121.442152 31.243715
121.549737 31.287885
121.505000 31.239775
121.555032 31.247450
121.506508 31.292748
121.560887 31.155667
121.358875 31.416812
121.538607 31.326952
121.488237 31.233990
121.504778 31.237098
121.556252 31.260345
121.482587 31.231847
121.470885 31.215827
121.540520 31.285430
121.560047 31.175450
121.438898 31.191992
121.475005 31.195875
121.551048 31.272397
121.499262 31.279085
121.484403 31.233750
121.475308 31.234773
121.476540 31.308487
121.507622 31.240193
121.395083 31.211667
121.489072 31.176077
121.568938 31.270600
121.440715 31.223490
121.520390 31.264247
121.541898 31.265610
121.524355 31.260765
121.487083 31.235860
121.460420 31.232903
121.547372 31.253028
121.418780 31.255400
121.431678 31.201997
121.377097 31.197223
121.440602 31.205070
121.525547 31.311695
121.538013 31.207892
121.447680 31.231370
121.494983 31.259857
121.483860 31.206362
121.438885 31.202513
121.528165 31.163438
121.458438 31.239803
121.697675 31.176677
121.360990 31.210522
121.572555 31.281882
121.515495 31.230753
121.552715 31.179413
121.407942 31.204685
121.527513 31.255177
121.482508 31.350200
121.422175 31.224892
121.402348 31.202037
121.429613 31.206048
121.393685 31.207715
121.472903 31.274302
121.473260 31.199630
121.489203 31.374135
121.558850 31.250183
121.532480 31.278907
121.525493 31.257430
121.527152 31.278013
121.473935 31.240922
121.484623 31.297303
121.456610 31.235003
121.418967 31.199003
121.551435 31.185477
121.464238 31.222858
121.660048 31.033848
121.438447 31.226507
121.585303 31.262338
121.418785 31.188167
121.501865 31.270925
121.498945 31.239517
121.418508 31.191953
121.608818 31.267127
121.556732 31.108318
121.466788 31.223692
121.512517 31.282290
121.473502 31.262372
121.475255 31.264828
121.434390 31.219885
121.486608 31.372812
121.470303 31.229227
121.414775 31.163547
121.375027 31.213903
121.467018 31.224717
121.483520 31.384205
121.501765 31.284035
121.516423 31.237113
121.502733 31.263395
121.483495 31.300690
121.445432 31.211788
121.502132 31.263952
121.504625 31.239230
121.471493 31.226135
121.485432 31.264283
121.555938 31.241775
121.442687 31.184268
121.477890 31.242197
121.518620 31.210293
121.504590 31.237170
121.392430 31.201092
121.464922 31.222993
121.539450 31.296715
121.489622 31.250457
121.519355 31.266695
121.488812 31.223858
121.484970 31.224678
121.535340 31.281885
121.544215 31.224448
121.426422 31.215000
121.429025 31.182990
121.475165 31.269522
121.404882 31.195170
121.493483 31.283448
121.494822 31.377635
121.476167 31.278187
121.483468 31.251525
121.439743 31.222683
121.488948 31.224012
121.456265 31.234632
121.498063 31.277858
121.587063 31.093683
121.427143 31.254203
121.527653 31.312653
121.524350 31.233037
121.468873 31.229783
121.587533 31.087798
121.533185 31.166362
121.496823 31.209573
121.522880 31.226237
121.419380 31.271362
121.534148 31.299210
121.471230 31.234285
121.385322 31.216232
121.454047 31.218553
121.506910 31.253195
121.527587 31.312252
121.481357 31.304493
121.418327 31.220795
121.540812 31.330668
121.565793 31.117975
121.502298 31.267283
121.557083 31.242293
121.478255 31.223318
121.428553 31.251622
121.482437 31.222497
121.497812 31.277515
121.471762 31.233697
121.430630 31.180863
121.539817 31.290905
121.476568 31.279238
121.446895 31.174360
121.486682 31.267252
121.446248 31.230662
121.507173 31.310007
121.562588 31.149787
121.417128 31.241483
121.431643 31.202677
121.492272 31.382622
121.500413 31.256452
121.413372 31.241107
121.466977 31.222665
121.355827 31.203702
121.476675 31.225602
121.474918 31.236582
121.507070 31.293898
121.575545 31.277797
121.509910 31.275930
121.398977 31.203467
121.501992 31.263620
121.537800 31.298915
121.481888 31.252910
121.492982 31.273355
121.387738 31.270985
121.405488 31.237450
121.403083 31.278088
121.433982 31.214388
121.440752 31.224568
121.523452 31.311675
121.506427 31.253518
121.484798 31.200510
121.563558 31.246807
121.421217 31.184573
121.447805 31.231183
121.477707 31.269902
121.538940 31.237775
121.559528 31.162585
121.495787 31.240335
121.424395 31.255242
121.428550 31.208892
121.521428 31.210180
121.458892 31.232412
121.542062 31.203010
121.432053 31.195303
121.442440 31.219633
121.509900 31.281825
121.443280 31.229422
121.380870 31.212505
121.534355 31.312850
121.576478 31.252432
121.448322 31.177415
121.484937 31.284263
121.525950 31.261897
121.472615 31.231783
121.517317 31.202413
121.391928 31.271152
121.384398 31.200217
121.512567 31.212352
121.442702 31.211240
121.731957 31.042513
121.452777 31.247910
121.468647 31.229398
121.480188 31.206182
121.521662 31.232247
121.542050 31.289197
121.485805 31.254762
121.513107 31.226165
121.487027 31.216817
121.354793 31.210667
121.422470 31.185300
121.479413 31.269537
121.407157 31.178705
121.484392 31.252325
121.502867 31.270500
121.495213 31.240992
121.507563 31.265747
121.471890 31.233067
121.427213 31.218595
121.373983 31.214412
121.550025 31.288048
121.528872 31.243955
121.482508 31.222528
121.513257 31.270498
121.522153 31.232707
121.562543 31.150063
121.542223 31.282142
121.480857 31.248922
121.571762 31.119455
121.430343 31.217687
121.463200 31.272165
121.547162 31.192542
121.494518 31.228998
121.401705 31.207690
121.334518 31.415253
121.419605 31.239527
121.484052 31.216550
121.399682 31.234095
121.485957 31.265547
121.484127 31.260300
121.526123 31.261910
121.599933 31.268273
121.483510 31.270245
121.501148 31.299087
121.468458 31.226242
121.444995 31.226950
121.443152 31.229462
121.512092 31.211923
121.486272 31.201912
121.576975 31.108485
121.418812 31.222178
121.527557 31.329537
121.431197 31.267963
121.460842 31.225527
121.501493 31.218125
121.572955 31.347078
121.463397 31.288525
121.496397 31.209730
121.589803 31.281203
121.507642 31.252988
121.552417 31.287173
121.484658 31.297455
121.588470 31.195927
121.406100 31.211570
121.385460 31.216088
121.565153 31.333123
121.525883 31.257152
121.398120 31.207818
121.508558 31.236183
121.395625 31.213718
121.437755 31.221565
121.546907 31.222427
121.486075 31.395828
121.464122 31.246547
121.526788 31.208767
121.470040 31.258955
121.428610 31.211643
121.480450 31.400642
121.486013 31.231515
121.500673 31.255890
121.432755 31.242152
121.481853 31.304700
121.440312 31.234965
121.534795 31.299292
121.493023 31.238450
121.527725 31.319327
121.365510 31.210158
121.501985 31.284320
121.460920 31.205728
121.470792 31.240088
121.520762 31.231918
121.558162 31.168055
121.457865 31.254140
121.415587 31.255012
121.548277 31.270492
121.451760 31.253072
121.502218 31.284595
121.472570 31.240525
121.504002 31.270483
121.441282 31.200093
121.528527 31.298138
121.427617 31.176580
121.488117 31.281758
121.432777 31.242035
121.488037 31.375097
121.362918 31.191003
121.466323 31.229542
121.451335 31.319593
121.299895 31.181462
121.531537 31.313643
121.470633 31.228670
121.515098 31.242495
121.414788 31.210667
121.386445 31.270585
121.553785 31.281520
121.478590 31.286502
121.491528 31.284478
121.507137 31.309105
121.571000 31.124750
121.489283 31.413768
121.460860 31.307975
121.478777 31.257303
121.541375 31.282715
121.481100 31.304712
121.484065 31.260828
121.438963 31.227437
121.480528 31.311968
121.489930 31.370967
121.552483 31.279923
121.486240 31.385447
121.488020 31.249330
121.542833 31.220257
121.490822 31.281067
121.552305 31.180913
121.486720 31.234613
121.460565 31.200483
121.434357 31.269182
121.466642 31.244893
121.402688 31.206748
121.440803 31.224522
121.499608 31.252662
121.388473 31.215370
121.371715 31.361217
121.456295 31.219455
121.511560 31.301598
121.489050 31.269875
121.480967 31.248317
121.461815 31.307998
121.488038 31.371813
121.463135 31.225582
121.510443 31.208843
121.477770 31.268833
121.381530 31.212482
121.465595 31.268957
121.437693 31.218675
121.485652 31.239108
121.470670 31.264522
121.468917 31.210157
121.499912 31.222988
121.484017 31.281215
121.419800 31.180352
121.462670 31.297777
121.364782 31.183518
121.536897 31.269227
121.491773 31.272153
121.447183 31.257185
121.477763 31.268512
121.593558 31.030253
121.471773 31.226887
121.510692 31.302815
121.524663 31.210037
121.488253 31.205562
121.487770 31.375650
121.432755 31.228203
121.493145 31.341508
121.500670 31.281902
121.470987 31.251242
121.530610 31.218395
121.480623 31.242492
121.503103 31.201962
121.598155 31.259042
121.503345 31.265383
121.511715 31.211168
121.556400 31.205863
121.538970 31.297392
121.485975 31.238797
121.443832 31.212427
121.399478 31.238178
121.493597 31.363052
121.488847 31.335792
121.514660 31.220353
121.489200 31.233203
121.510592 31.303940
121.425315 31.190978
121.485572 31.223490
121.510505 31.257533
121.432855 31.180662
121.415272 31.160700
121.466392 31.267713
121.425963 31.213890
121.430133 31.243877
121.503145 31.266158
121.404088 31.205973
121.472705 31.258480
121.471022 31.257017
121.485545 31.264638
121.572583 31.280747
121.509378 31.260615
121.429542 31.205907
121.481090 31.309218
121.709237 31.039603
121.483687 31.298747
121.502525 31.264225
121.540705 31.304147
121.464138 31.225823
121.481565 31.238813
121.501253 31.214898
121.602193 31.272082
121.481833 31.276485
121.541295 31.204148
121.488433 31.295208
121.476083 31.227303
121.482582 31.411490
121.470507 31.240142
121.470057 31.264920
121.457542 31.254133
121.538510 31.289193
121.487133 31.223990
121.461933 31.254467
121.476592 31.225668
121.511170 31.276303
121.446638 31.215320
121.488672 31.173083
121.497200 31.354172
121.473923 31.228045
121.494705 31.239530
121.544832 31.174177
121.385222 31.207827
121.518972 31.228415
121.515550 31.311672
121.477762 31.269928
121.512640 31.229543
121.530830 31.217935
121.570055 31.249100
121.439718 31.203442
121.480715 31.230045
121.465830 31.232405
121.513340 31.229662
121.471962 31.229798
121.523637 31.233148
121.510997 31.231555
121.454458 31.231912
121.457800 31.198310
121.469912 31.258765
121.492655 31.257322
121.370192 31.193387
121.452377 31.226060
121.490315 31.281115
121.511553 31.262542
121.522498 31.284192
121.464158 31.270933
121.488573 31.281137
121.474917 31.272938
121.536928 31.279618
121.533670 31.329527
121.483563 31.213832
121.455297 31.331745
121.488878 31.233102
121.549708 31.288072
121.488170 31.268405
121.480837 31.322347
121.480748 31.242495
121.527608 31.308243
121.484755 31.262392
121.475447 31.227955
121.454685 31.233217
121.442757 31.212343
121.598912 31.263138
121.514508 31.266452
121.427182 31.278567
121.464270 31.270653
121.403212 31.199338
121.423080 31.229728
121.486490 31.201707
121.478825 31.220065
121.513020 31.232707
121.376087 31.209522
121.452675 31.225600
121.540028 31.234933
121.475337 31.267183
121.524942 31.338523
121.494550 31.254387
121.602428 31.292087
121.427468 31.194747
121.447225 31.215682
121.418245 31.240892
121.455245 31.330887
121.486342 31.223908
121.482713 31.239282
121.391505 31.223675
121.477973 31.233485
121.480832 31.318433
121.476028 31.222130
121.249357 31.373762
121.478423 31.227763
121.481663 31.234983
121.462698 31.228605
121.570507 31.249223
121.555282 31.173038
121.385780 31.211980
121.451145 31.225938
121.422917 31.237063
121.480807 31.320637
121.461107 31.275082
121.476008 31.226950
121.374345 31.419113
121.467282 31.267503
121.441870 31.231727
121.552217 31.288037
121.376232 31.196837
121.503902 31.288080
121.478268 31.270295
121.449598 31.202502
121.486775 31.221090
121.494385 31.224467
121.484608 31.233802
121.588422 31.263398
121.491347 31.231608
121.474887 31.196008
121.733715 31.195387
121.560040 31.158480
121.431792 31.186810
121.499878 31.223058
121.443300 31.218437
121.481690 31.247198
121.521813 31.279253
121.525843 31.261803
121.488155 31.233853
121.524430 31.285268
121.497163 31.156927
121.536843 31.246542
121.556373 31.260427
121.558728 31.166002
121.433278 31.213700
121.423997 31.212118
121.541800 31.203655
121.460010 31.276410
121.485148 31.263565
121.435528 31.237975
121.401627 31.207652
121.429268 31.420147
121.424830 31.183558
121.482588 31.229218
121.493878 31.258022
121.440422 31.225020
121.565822 31.241625
121.479072 31.256293
121.478998 31.224080
121.485585 31.239227
121.590012 31.279945
121.440208 31.204347
121.514427 31.219190
121.496740 31.209407
121.488055 31.217300
121.439118 31.239013
121.604615 31.269715
121.558877 31.246762
121.491395 31.260185
121.467287 31.221527
121.478530 31.244003
121.389400 31.185953
121.445222 31.230188
121.496473 31.282210
121.496852 31.240398
121.451342 31.226145
121.452415 31.232740
121.486852 31.216630
121.473397 31.231010
121.499508 31.274727
121.467787 31.242020
121.518945 31.242770
121.421902 31.200565
121.443055 31.212017
121.490883 31.205375
121.550015 31.289568
121.507108 31.309907
121.456938 31.225687
121.552107 31.273177
121.483875 31.203407
121.467167 31.238822
121.526833 31.255038
121.466707 31.229160
121.533632 31.330208
121.507698 31.240402
121.479892 31.169983
121.366820 31.210095
121.411885 31.221760
121.431962 31.184842
121.507643 31.275562
121.499100 31.281222
121.546462 31.237398
121.490838 31.386088
121.487452 31.307057
121.418302 31.268287
121.470227 31.271093
121.355612 31.204463
121.537222 31.280462
121.459817 31.221060
121.453575 31.204173
121.476802 31.279532
121.478475 31.220708
121.466472 31.268240
121.491142 31.255947
121.472910 31.205792
121.412047 31.209833
121.492915 31.273315
121.464140 31.270975
121.349000 31.172075
121.405270 31.419898
121.479147 31.262138
121.571305 31.345793
121.419683 31.249562
121.464152 31.270970
121.435257 31.237842
121.478295 31.228642
121.421780 31.257235
121.566770 31.117280
121.435325 31.243938
121.463102 31.301957
121.567188 31.269247
121.412918 31.217050
121.472100 31.233267
121.520263 31.233335
121.480882 31.323725
121.527647 31.315315
121.501203 31.283032
121.461647 31.235247
121.565138 31.266442
121.566635 31.268775
121.491977 31.280327
121.563920 31.244253
121.468893 31.211585
121.462593 31.264963
121.267717 31.167447
121.483640 31.206840
121.466903 31.223247
121.482762 31.202728
121.537423 31.237202
121.431028 31.232532
121.397307 31.220268
121.413402 31.358387
121.442605 31.200733
121.513088 31.212945
121.474077 31.261932
121.496702 31.210378
121.505847 31.239973
121.480260 31.246862
121.493428 31.283420
121.481215 31.304318
121.476853 31.225297
121.471345 31.234493
121.489003 31.201035
121.466807 31.222820
121.518140 31.237062
121.437995 31.236620
121.483668 31.290560
121.511708 31.229647
121.491928 31.307952
121.412238 31.221218
121.519502 31.259600
121.494425 31.089217
121.367995 31.200028
121.464917 31.283942
121.491913 31.366682
121.472340 31.236035
121.443605 31.229615
121.479378 31.264033
121.479253 31.223433
121.470600 31.251132
121.501423 31.283322
121.485910 31.242578
121.584460 31.262412
121.478867 31.223572
121.480575 31.316798
121.532425 31.302902
121.512102 31.212045
121.601983 31.268050
121.497778 31.277665
121.537695 31.326837
121.527038 31.209475
121.558863 31.261963
121.363927 31.213738
121.483387 31.239290
121.470882 31.271573
121.521430 31.210010
121.479145 31.224063
121.535863 31.209043
121.415797 31.255178
121.432810 31.239187
121.499147 31.281230
121.455330 31.211563
121.541390 31.312170
121.485520 31.239338
121.446617 31.252403
121.466527 31.238510
121.467145 31.239490
121.486962 31.236122
121.474300 31.252672
121.380598 31.212433
121.468925 31.229365
121.491620 31.256370
121.388582 31.215348
121.435345 31.231398
121.438532 31.243785
121.524738 31.222527
121.540748 31.294173
121.363935 31.213630
121.454912 31.247945
121.440595 31.204872
121.390812 31.213257
121.517038 31.210607
121.485742 31.242253
121.502063 31.267637
121.504032 31.197127
121.440667 31.239750
121.605787 31.279073
121.533262 31.326867
121.417135 31.235038
121.475647 31.279658
121.409783 31.209935
121.487720 31.235063
121.464643 31.232953
121.442920 31.175432
121.426762 31.193587
121.441760 31.264710
121.440643 31.222522
121.484960 31.232118
121.527528 31.325273
121.487423 31.219050
121.515578 31.182398
121.582630 31.262585
121.374247 31.215728
121.493642 31.404057
121.483012 31.222067
121.415820 31.237558
121.467817 31.280653
121.459865 31.220722
121.536982 31.230985
121.467433 31.267270
121.451242 31.247928
121.420212 31.215112
121.543743 31.239288
121.466763 31.246007
121.485988 31.280403
121.431688 31.202032
121.483117 31.384518
121.409367 31.182605
121.557477 31.206130
121.423127 31.229430
121.428375 31.239410
121.477518 31.247363
121.402720 31.277955
121.486562 31.254945
121.499555 31.208080
121.476885 31.226163
121.475550 31.227833
121.426123 31.236423
121.523452 31.254910
121.537107 31.246700
121.489435 31.305433
121.362393 31.191872
121.496922 31.240248
121.442577 31.225473
121.418297 31.220735
121.508620 31.240195
121.428010 31.237073
121.413663 31.170632
121.509813 31.234042
121.437250 31.222523
121.465577 31.226017
121.458068 31.277133
121.566538 31.117553
121.539825 31.287137
121.473443 31.253565
121.393545 31.214350
121.467847 31.229303
121.486952 31.220907
121.493535 31.362645
121.547770 31.206590
121.527318 31.270613
121.572578 31.277107
121.486853 31.220960
121.544882 31.294988
121.438937 31.223820
121.414077 31.220522
121.485575 31.243775
121.533432 31.294162
121.563615 31.242383
121.509818 31.234210
121.437485 31.218998
121.444187 31.229755
121.486323 31.237023
121.490527 31.374730
121.410352 31.273223
121.463822 31.226173
121.570285 31.131552
121.384502 31.200248
121.502948 31.264390
121.565140 31.247558
121.510755 31.303795
121.566658 31.117410
121.570245 31.131878
121.523102 31.283727
121.417228 31.234635
121.436467 31.221747
121.539473 31.206655
121.483598 31.207102
121.544517 31.267893
121.509095 31.280932
121.454982 31.190188
121.437342 31.246720
121.432347 31.186790
121.469542 31.250737
121.475712 31.227205
121.485152 31.296273
121.492602 31.227505
121.476602 31.308462
121.539220 31.297083
121.471913 31.241760
121.469072 31.270012
121.479847 31.169922
121.436893 31.197278
121.452637 31.252813
121.462408 31.273388
121.523175 31.234607
121.386060 31.208100
121.501722 31.283987
121.445827 31.211230
121.681588 31.200993
121.463172 31.305180
121.520440 31.210247
121.439575 31.223032
121.542008 31.328385
121.440463 31.181197
121.775220 31.178280
121.515175 31.230375
121.433732 31.242730
121.450757 31.231468
121.567045 31.335438
121.567700 31.336625
121.526337 31.234048
121.476947 31.245598
121.495780 31.357728
121.496455 31.212297
121.469740 31.212103
121.575253 31.121818
121.515447 31.242392
121.484275 31.261428
121.315185 31.411540
121.518473 31.236535
121.484402 31.261552
121.470715 31.235037
121.515343 31.316398
121.526862 31.282378
121.478185 31.224747
121.391712 31.214738
121.498260 31.211117
121.439153 31.185140
121.249675 31.374075
121.477567 31.247285
121.481555 31.305215
121.482778 31.257328
121.473782 31.240918
121.439280 31.223682
121.357493 31.200305
121.513062 31.226132
121.520092 31.264723
121.505717 31.292040
121.522387 31.209973
121.402783 31.211390
121.506968 31.239627
121.521063 31.227718
121.433597 31.197120
121.450647 31.314247
121.492127 31.383523
121.468983 31.270113
121.472457 31.233688
121.423015 31.225958
121.498995 31.232795
121.522583 31.201723
121.479798 31.253923
121.541118 31.204675
121.484647 31.294210
121.477492 31.280620
121.466132 31.302232
121.516638 31.273115
121.480172 31.389680
121.468973 31.265838
121.476708 31.249962
121.520307 31.233110
121.569728 31.249060
121.437510 31.233542
121.472333 31.257568
121.477560 31.247297
121.537663 31.291450
121.519720 31.266785
121.476533 31.250077
121.465750 31.238143
121.498507 31.252303
121.527483 31.324262
121.355848 31.202465
121.503623 31.264425
121.521538 31.194758
121.549123 31.189092
121.515913 31.291545
121.414985 31.163473
121.547873 31.237918
121.468852 31.204710
121.485478 31.241113
121.538335 31.244583
121.483905 31.350897
121.493778 31.362602
121.487278 31.397535
121.431917 31.180745
121.447955 31.236390
121.513500 31.255397
121.534173 31.245682
121.484965 31.224717
121.510850 31.315018
121.526435 31.209835
121.586210 31.099393
121.563670 31.244445
121.482818 31.309973
121.535613 31.281560
121.498495 31.261020
121.479513 31.263587
121.493173 31.363083
121.452127 31.253028
121.431645 31.182595
121.422617 31.231158
121.469773 31.228145
121.515105 31.281708
121.386308 31.210378
121.518163 31.234458
121.552843 31.258188
121.480232 31.251262
121.524647 31.261468
121.571290 31.249390
121.478280 31.405163
121.467955 31.197468
121.445055 31.214497
121.421148 31.224157
121.491432 31.249088
121.429158 31.212335
121.476167 31.249692
121.469210 31.238655
121.746072 31.042527
121.421477 31.211955
121.495298 31.277897
121.516232 31.181340
121.467717 31.235240
121.485828 31.305157
121.573067 31.117847
121.417872 31.233588
121.381408 31.212550
121.518133 31.237080
121.518630 31.231203
121.472220 31.200182
121.491348 31.306373
121.479995 31.233453
121.465805 31.240215
121.508510 31.296823
121.521785 31.210093
121.516723 31.311645
121.417532 31.178042
121.479148 31.224158
121.479673 31.242443
121.540025 31.282643
121.554787 31.279635
121.552680 31.245395
121.457827 31.410042
121.422403 31.243385
121.587650 31.089702
121.542210 31.233787
121.587765 31.088605
121.492787 31.253758
121.481387 31.236352
121.443615 31.223528
121.510887 31.312962
121.462992 31.204928
121.568550 31.244988
121.485397 31.281230
121.498075 31.239805
121.471990 31.242047
121.529945 31.209767
121.484932 31.306337
121.450305 31.202818
121.431045 31.204357
121.616252 31.028635
121.462320 31.225912
121.426782 31.215560
121.480690 31.249995
121.491698 31.284003
121.509552 31.266263
121.493335 31.238965
121.499435 31.279593
121.490195 31.255407
121.486048 31.292240
121.479127 31.250975
121.536960 31.246713
121.572917 31.278302
121.496488 31.210328
121.517893 31.203477
121.493148 31.238835
121.459923 31.276425
121.456395 31.234765
121.496852 31.222125
121.527615 31.324303
121.473282 31.227612
121.480582 31.233295
121.502180 31.203533
121.406230 31.211513
121.549965 31.241922
121.472987 31.262747
121.541278 31.204542
121.474862 31.228435
121.424418 31.201548
121.472467 31.230180
121.480448 31.251027
121.569052 31.137253
121.482365 31.222413
121.686683 31.192795
121.422180 31.231262
121.480985 31.323420
121.479735 31.207377
121.552938 31.258203
121.375912 31.214715
121.430967 31.239973
121.394305 31.211670
121.485630 31.222882
121.249518 31.375018
121.477460 31.222147
121.355762 31.202897
121.527738 31.323940
121.464447 31.288840
121.487183 31.247582
121.470362 31.229257
121.563283 31.244873
121.559982 31.175607
121.536590 31.172807
121.522850 31.276178
121.418173 31.253863
121.579297 31.125188
121.477167 31.235548
121.364922 31.194782
121.417077 31.220220
121.600658 31.221110
121.489050 31.253570
121.443435 31.272973
121.455328 31.318345
121.441560 31.195893
121.439792 31.227765
121.555643 31.241483
121.496990 31.251702
121.445042 31.214402
121.510600 31.206268
121.415828 31.256732
121.453613 31.225382
121.535257 31.199607
121.547718 31.206575
121.428612 31.182895
121.478825 31.228375
121.442212 31.193215
121.502897 31.264385
121.443125 31.185098
121.521493 31.327755
121.482085 31.234147
121.516237 31.311680
121.556670 31.242147
121.467130 31.229560
121.511512 31.259883
121.458275 31.248693
121.480180 31.229808
121.474875 31.274237
121.483012 31.222067
121.464857 31.302128
121.506437 31.236610
121.468938 31.226128
121.498485 31.261252
121.512110 31.227893
121.521238 31.193987
121.450382 31.226065
121.480163 31.205935
121.510962 31.276228
121.486617 31.201352
121.509513 31.227148
121.481257 31.246128
121.436702 31.221565
121.539332 31.326983
121.648223 31.109763
121.500277 31.262307
121.519827 31.233268
121.425362 31.182273
121.440033 31.198010
121.520583 31.210285
121.420842 31.184933
121.530110 31.271868
121.448992 31.301583
121.510143 31.198348
121.520523 31.210185
121.474102 31.230600
121.409145 31.186787
121.462692 31.299620
121.432788 31.181105
121.482782 31.408260
121.471988 31.255695
121.479882 31.251348
121.499907 31.222590
121.502528 31.264233
121.455412 31.278137
121.481555 31.231810
121.496443 31.309942
121.467895 31.266888
121.480887 31.321543
121.416772 31.173050
121.393178 31.207683
121.488733 31.372448
121.447430 31.224787
121.498930 31.254310
121.414435 31.220642
121.492782 31.227365
121.487342 31.333653
121.493073 31.273293
121.539470 31.299317
121.487383 31.219600
121.475345 31.270398
121.589812 31.280878
121.431547 31.184512
121.491920 31.281425
121.530137 31.244490
121.479698 31.288840
121.335858 31.175022
121.475202 31.264763
121.397558 31.175053
121.493750 31.342488
121.472198 31.212262
121.581283 31.214403
121.462118 31.236353
121.526172 31.269943
121.480810 31.309032
121.556742 31.250317
121.483795 31.232870
121.452070 31.249452
121.421952 31.200642
121.550465 31.185065
121.496547 31.209487
121.425820 31.191537
121.484847 31.254290
121.510777 31.232620
121.523492 31.311668
121.494757 31.228720
121.519653 31.266830
121.413162 31.209832
121.459118 31.232897
121.541742 31.228878
121.485145 31.263367
121.479317 31.223002
121.504245 31.264325
121.390848 31.200720
121.486285 31.332258
121.444128 31.225313
121.431522 31.184478
121.492837 31.403808
121.521385 31.230428
121.414207 31.133112
121.499448 31.279363
121.442965 31.219202
121.506645 31.256063
121.408010 31.178810
121.527035 31.282363
121.514637 31.177480
121.399817 31.207575
121.441618 31.200445
121.559178 31.164798
121.580378 31.256875
121.482747 31.232198
121.364688 31.210150
121.476215 31.227243
121.445393 31.297387
121.477058 31.283433
121.538123 31.327007
121.483637 31.269795
121.527618 31.330327
121.479252 31.219437
121.554702 31.275460
121.389608 31.233462
121.482582 31.252977
121.445208 31.230202
121.601260 31.272960
121.632927 31.152662
121.412263 31.172212
121.484552 31.261923
121.503492 31.301715
121.459773 31.240105
121.533008 31.257343
121.410405 31.154785
121.567933 31.292185
121.513073 31.242018
121.502433 31.272992
121.548258 31.270480
121.405865 31.239792
121.390860 31.214110
121.563033 31.245170
121.538258 31.247027
121.530623 31.293353
121.510405 31.233355
121.471283 31.229347
121.439772 31.227450
121.466067 31.204938
121.523427 31.188192
121.488962 31.247880
121.423245 31.212027
121.474297 31.241005
121.472573 31.240557
121.488840 31.288537
121.528530 31.283253
121.419337 31.294058
121.564138 31.266540
121.527578 31.317887
121.484495 31.215185
121.451985 31.225722
121.424005 31.183992
121.478208 31.233713
121.487875 31.205115
121.447543 31.231260
121.712245 31.039442
121.507435 31.236582
121.482628 31.278457
121.478172 31.223263
121.497197 31.222232
121.477490 31.222067
121.488315 31.208413
121.397205 31.207880
121.439598 31.261492
121.490792 31.387638
121.543040 31.244562
121.471878 31.228617
121.438637 31.181060
121.417503 31.191093
121.478643 31.228212
121.471302 31.234682
121.437222 31.186340
121.426912 31.193910
121.506338 31.262525
121.479358 31.263645
121.497933 31.404600
121.513502 31.290507
121.446380 31.258343
121.487023 31.397922
121.501995 31.263795
121.480162 31.289818
121.431933 31.180748
121.535033 31.245787
121.435582 31.196105
121.510277 31.303897
121.386288 31.209938
121.569133 31.270657
121.436382 31.196550
121.523382 31.225640
121.398095 31.186113
121.419415 31.199323
121.469290 31.265735
121.485513 31.244780
121.514892 31.184355
121.479452 31.222553
121.535050 31.245752
121.481105 31.307202
121.575687 31.113148
121.537740 31.307513
121.397158 31.201333
121.524408 31.215433
121.486473 31.214488
121.429760 31.244015
121.488573 31.213475
121.474642 31.262393
121.482970 31.230968
121.517073 31.277792
121.409342 31.158753
121.509975 31.304850
121.576103 31.277427
121.484722 31.262512
121.563745 31.326248
121.434005 31.214367
121.477237 31.222788
121.406225 31.218348
121.461605 31.264607
121.528825 31.297732
121.481813 31.233985
121.450995 31.229360
121.502722 31.285577
121.394972 31.213942
121.453630 31.203812
121.605782 31.287655
121.479362 31.269383
121.533420 31.279335
121.396710 31.211812
121.509908 31.281802
121.498022 31.258928
121.472635 31.231990
121.481115 31.318068
121.503173 31.286463
121.514615 31.315423
121.377697 31.209278
121.475638 31.268547
121.484758 31.247007
121.499677 31.270447
121.503712 31.260670
121.406335 31.231837
121.515595 31.182388
121.589725 31.281760
121.538708 31.289995
121.516473 31.282172
121.474832 31.279382
121.417385 31.221420
121.475308 31.270357
121.397382 31.175697
121.485102 31.249672
121.580100 31.200448
121.436660 31.234735
121.497873 31.352552
121.521263 31.254760
121.586815 31.211507
121.483728 31.384210
121.451315 31.229588
121.382733 31.208192
121.466337 31.246890
121.506697 31.253210
121.478497 31.220313
121.563305 31.147362
121.538258 31.247047
121.561378 31.153780
121.577455 31.258933
121.541693 31.203480
121.488572 31.233813
121.524723 31.297918
121.485547 31.203623
121.570467 31.128545
121.442613 31.219572
121.364553 31.210257
121.437512 31.193503
121.507033 31.061787
121.528140 31.234250
121.414737 31.197858
121.480560 31.229957
121.416627 31.256255
121.568750 31.270488
121.497833 31.233908
121.449158 31.225438
121.472607 31.293717
121.417357 31.221525
121.460533 31.275855
121.516917 31.230487
121.488367 31.234377
121.440125 31.225365
121.562088 31.315708
121.539682 31.227985
121.430902 31.268567
121.384120 31.200123
121.442227 31.230158
121.483443 31.328517
121.460070 31.240373
121.487612 31.234772
121.444937 31.215045
121.512225 31.229192
121.393488 31.263383
121.564673 31.296340
121.568803 31.155875
121.453375 31.247935
121.526572 31.208325
121.420797 31.200095
121.474235 31.228163
121.492370 31.228582
121.589183 31.046447
121.370668 31.209678
121.430457 31.418223
121.479157 31.284203
121.483065 31.292197
121.463210 31.305828
121.486398 31.288937
121.525033 31.217985
121.539403 31.296835
121.508208 31.203323
121.524250 31.260742
121.441180 31.205520
121.534027 31.209432
121.364228 31.183552
121.553195 31.280413
121.472572 31.232562
121.479352 31.223103
121.446345 31.230862
121.506717 31.236533
121.508977 31.275883
121.533927 31.328168
121.475262 31.212028
121.474377 31.240972
121.525947 31.306778
121.391712 31.214738
121.477668 31.234802
121.355783 31.202602
121.533412 31.284410
121.395332 31.219945
121.486293 31.290678
121.530545 31.287098
121.444003 31.216728
121.509832 31.234377
121.426915 31.202610
121.437595 31.218805
121.510698 31.232592
121.475183 31.279438
121.369103 31.209933
121.463785 31.332052
121.486427 31.289000
121.418672 31.189330
121.490622 31.405557
121.450147 31.225887
121.605717 31.276203
121.478357 31.233002
121.428183 31.217320
121.514590 31.276072
121.456098 31.254198
121.489693 31.248360
121.491707 31.285945
121.619750 31.146443
121.479813 31.289438
121.425290 31.224063
121.482637 31.239130
121.537542 31.237285
121.530370 31.287047
121.478372 31.250178
121.517440 31.237957
121.522028 31.260640
121.445397 31.212512
121.480275 31.407415
121.551780 31.246082
121.434622 31.215225
121.442678 31.235662
121.474775 31.274107
121.260850 31.391630
121.539690 31.231223
121.484100 31.284322
121.441727 31.225033
121.578342 31.259863
121.465613 31.268982
121.484403 31.265972
121.586027 31.272117
121.515738 31.241945
121.508367 31.236448
121.526137 31.261875
121.514193 31.242317
121.514155 31.216027
121.494070 31.361840
121.482085 31.408105
121.423705 31.187405
121.457922 31.226063
121.413540 31.273790
121.431260 31.203350
121.480917 31.284410
121.483672 31.254535
121.485005 31.224565
121.487713 31.281080
121.510018 31.234137
121.429570 31.170125
121.567483 31.116195
121.500772 31.256635
121.564270 31.243658
121.537413 31.214833
121.560865 31.155773
121.452700 31.189013
121.484503 31.231878
121.479705 31.222073
121.449178 31.250110
121.521715 31.324872
121.477143 31.214695
121.418223 31.197985
121.454300 31.254238
121.416663 31.221117
121.489357 31.413908
121.483295 31.254990
121.448963 31.202687
121.510137 31.267922
121.439710 31.203607
121.433283 31.198137
121.579935 31.087767
121.428232 31.183128
121.409592 31.209055
121.481833 31.244162
121.444277 31.285172
121.355120 31.207770
121.451183 31.225888
121.534517 31.283055
121.449888 31.227120
121.734483 31.042695
121.440862 31.228012
121.378217 31.159017
121.447008 31.229587
121.437943 31.245442
121.443538 31.298555
121.466305 31.302212
121.374732 31.215078
121.409747 31.200418
121.485638 31.239190
121.433097 31.228010
121.480428 31.233100
121.408037 31.158355
121.474130 31.230510
121.498355 31.281498
121.554342 31.280550
121.466387 31.227225
121.492358 31.365692
121.466723 31.240122
121.440575 31.224465
121.451367 31.232312
121.471092 31.308902
121.452157 31.252863
121.517060 31.311730
121.309068 31.409918
121.472125 31.236260
121.438805 31.181362
121.468140 31.224477
121.459913 31.221000
121.440985 31.192993
121.496917 31.226227
121.492262 31.283787
121.432092 31.232417
121.314393 31.227908
121.509573 31.275922
121.451163 31.322652
121.442568 31.225400
121.503435 31.265780
121.518345 31.311722
121.462917 31.225502
121.486070 31.254885
121.486395 31.266325
121.431643 31.182885
121.469990 31.258188
121.520083 31.242812
121.507368 31.240250
121.448270 31.225215
121.485993 31.237715
121.488070 31.216942
121.474465 31.278708
121.506202 31.292403
121.463677 31.332370
121.483367 31.278527
121.516195 31.240367
121.751772 31.043128
121.439520 31.199108
121.489842 31.232585
121.475003 31.272805
121.522532 31.211703
121.472555 31.231167
121.442550 31.238000
121.446088 31.207257
121.553565 31.280558
121.520367 31.208347
121.449602 31.211157
121.443702 31.208970
121.484863 31.251925
121.472415 31.404303
121.562762 31.322112
121.485890 31.222932
121.434653 31.215397
121.418315 31.278307
121.417625 31.173272
121.477363 31.234547
121.410388 31.154075
121.395470 31.202460
121.380585 31.223923
121.468520 31.235383
121.477077 31.223552
121.394953 31.162888
121.493123 31.094943
121.511775 31.210870
121.483082 31.222553
121.470335 31.264752
121.443622 31.369540
121.518552 31.273843
121.466718 31.202885
121.481170 31.312573
121.475015 31.228960
121.512317 31.211950
121.573358 31.212003
121.507268 31.265773
121.466600 31.303247
121.502362 31.273030
121.451175 31.225982
121.506418 31.275400
121.471232 31.251285
121.494403 31.228992
121.443838 31.217222
121.492775 31.238410
121.533145 31.284912
121.478620 31.224922
121.564057 31.244923
121.430325 31.216938
121.605715 31.276547
121.455418 31.237405
121.435998 31.232840
121.505465 31.205912
121.728262 31.042272
121.532392 31.302943
121.497045 31.282042
121.501993 31.236353
121.502475 31.266938
121.403110 31.203400
121.538133 31.326910
121.567252 31.335863
121.555657 31.247162
121.475555 31.228170
121.427335 31.238547
121.357973 31.181773
121.460588 31.238982
121.528040 31.229890
121.505000 31.265237
121.396397 31.211685
121.431988 31.200812
121.466850 31.245922
121.480860 31.307732
121.485942 31.393103
121.487760 31.231362
121.481267 31.238895
121.536960 31.237130
121.436945 31.245270
121.549415 31.231608
121.439468 31.177832
121.529038 31.243970
121.478895 31.224532
121.442265 31.228992
121.433642 31.184760
121.566713 31.243803
121.462328 31.293365
121.566530 31.117982
121.545077 31.197327
121.462362 31.221950
121.432670 31.181218
121.457853 31.220117
121.477688 31.232910
121.486498 31.398770
121.387312 31.176515
121.484117 31.263368
121.427080 31.219640
121.441115 31.222425
121.481292 31.305640
121.507427 31.240232
121.517857 31.266007
121.412572 31.159560
121.473373 31.258787
121.476448 31.250142
121.379668 31.211210
121.480927 31.305255
121.402723 31.214825
121.507973 31.301367
121.493607 31.271973
121.414157 31.220632
121.444672 31.203805
121.416745 31.276772
121.462973 31.205057
121.487373 31.233065
121.562037 31.318192
121.602520 31.291928
121.420488 31.211707
121.473598 31.278048
121.469405 31.239813
121.518360 31.214545
121.495617 31.209315
121.511755 31.284505
121.480363 31.229910
121.404018 31.217568
121.440607 31.223918
121.466278 31.248563
121.437467 31.197195
121.503797 31.264718
121.594110 31.276757
121.511935 31.253717
121.488137 31.248178
121.602410 31.292973
121.520103 31.267027
121.489203 31.374135
121.494038 31.258033
121.501195 31.218635
121.501855 31.283905
121.571487 31.345900
121.488953 31.413803
121.443270 31.225957
121.449118 31.302135
121.420150 31.228980
121.513557 31.224533
121.500792 31.262938
121.506137 31.292367
121.483503 31.385028
121.406122 31.207270
121.532875 31.209590
121.448198 31.251070
121.441010 31.197115
121.604622 31.268720
121.455360 31.278173
121.491822 31.231203
121.477033 31.245623
121.456742 31.213410
121.429118 31.206982
121.518150 31.236527
121.523142 31.234685
121.358615 31.177772
121.498017 31.277913
121.479067 31.282163
121.468828 31.227412
121.497922 31.260792
121.485817 31.212975
121.534282 31.209380
121.459860 31.239933
121.490547 31.271005
121.440628 31.259722
121.406320 31.211495
121.523872 31.188892
121.534537 31.304270
121.394228 31.263395
121.468477 31.227610
121.518018 31.237298
121.446215 31.258557
121.479850 31.213570
121.492373 31.403610
121.481565 31.304997
121.501090 31.192100
121.522465 31.211942
121.466253 31.234148
121.510662 31.268465
121.742513 31.177558
121.490578 31.255582
121.478285 31.233850
121.449033 31.228963
121.508982 31.196622
121.456020 31.232508
121.558152 31.246732
121.378388 31.196107
121.459965 31.254310
121.536038 31.279895
121.482638 31.211067
121.494270 31.376707
121.306915 31.409565
121.494970 31.241097
121.494607 31.223802
121.439335 31.223623
121.429648 31.206062
121.488228 31.231433
121.486208 31.288582
121.441405 31.221583
121.465077 31.223063
121.466222 31.248785
121.456680 31.254127
121.509088 31.266917
121.457472 31.275987
121.457208 31.232895
121.476428 31.235235
121.418105 31.277615
121.427407 31.218382
121.481995 31.292072
121.476197 31.278462
121.554618 31.275407
121.522027 31.278640
121.418910 31.222077
121.573942 31.346988
121.386642 31.213080
121.602427 31.291930
121.555877 31.246548
121.474983 31.230975
121.394703 31.262942
121.412608 31.240027
121.489505 31.270137
121.490148 31.387290
121.504987 31.289890
121.520492 31.208010
121.605053 31.269520
121.466412 31.219077
121.406960 31.171158
121.401528 31.215047
121.438058 31.201500
121.419388 31.205842
121.485732 31.294313
121.489897 31.374495
121.486400 31.288500
121.512047 31.276965
121.605803 31.291815
121.471723 31.227062
121.407537 31.150812
121.408517 31.209047
121.408413 31.158582
121.596620 31.135438
121.506588 31.196093
121.510532 31.233362
121.558947 31.246725
121.482890 31.264840
121.552613 31.253153
121.410805 31.199030
121.495683 31.277847
121.506868 31.293837
121.452195 31.249447
121.531778 31.286573
121.476153 31.309640
121.402360 31.210255
121.489517 31.250357
121.470107 31.255922
121.489277 31.413803
121.477495 31.242087
121.479285 31.242057
121.483447 31.228210
121.561283 31.154000
121.485560 31.244705
121.484907 31.240830
121.483815 31.233873
121.484917 31.295887
121.418400 31.220780
121.531787 31.306263
121.436878 31.196992
121.487400 31.289102
121.464152 31.270883
121.461337 31.236883
121.493985 31.239197
121.565107 31.239100
121.477458 31.242095
121.471533 31.256360
121.472100 31.256287
121.458722 31.232950
121.478310 31.285695
121.428888 31.207922
121.566812 31.117263
121.436330 31.232930
121.433565 31.219215
121.518048 31.324095
121.507582 31.265723
121.508473 31.259973
121.466537 31.302988
121.474903 31.195787
121.479072 31.287438
121.506633 31.236482
121.478600 31.284613
121.424025 31.267308
121.440842 31.202403
121.443865 31.241252
121.487947 31.217620
121.471055 31.198580
121.412157 31.217302
121.497507 31.059353
121.400225 31.186630
121.491980 31.366612
121.362882 31.190820
121.523463 31.232785
121.408925 31.210700
121.480800 31.306020
121.544217 31.243352
121.472132 31.201447
121.473470 31.404955
121.472293 31.200152
121.470348 31.338373
121.495067 31.241050
121.481472 31.399203
121.525868 31.277405
121.481027 31.323417
121.468218 31.269370
121.523123 31.277660
121.481407 31.399325
121.460717 31.284303
121.452987 31.210860
121.518118 31.278080
121.394287 31.214070
121.518365 31.204655
121.437380 31.191353
121.479153 31.250677
121.477298 31.270607
121.510912 31.312315
121.470672 31.205358
121.559568 31.162508
121.414222 31.210713
121.532610 31.182102
121.479198 31.251045
121.493913 31.378903
121.454900 31.231772
121.491137 31.287440
121.476318 31.226463
121.482687 31.229767
121.468273 31.240977
121.411962 31.218812
121.499210 31.274963
121.448355 31.172740
121.485813 31.238253
121.751810 31.043172
121.403083 31.278088
121.480103 31.169900
121.503027 31.106105
121.568287 31.138890
121.522175 31.282060
121.438715 31.221480
121.513555 31.224473
121.482105 31.232505
121.472695 31.258462
121.499305 31.223862
121.380017 31.213488
121.510685 31.267330
121.509443 31.305423
121.506633 31.236505
121.469222 31.238150
121.452090 31.249533
121.477112 31.229570
121.482593 31.238882
121.521532 31.328172
121.438502 31.223405
121.543338 31.239462
121.406597 31.218538
121.540420 31.295270
121.472762 31.251807
121.482190 31.238178
121.520685 31.259863
121.484663 31.382843
121.524408 31.255707
121.439700 31.203447
121.411992 31.218750
121.444477 31.203702
121.531272 31.287280
121.582817 31.067577
121.485318 31.251932
121.484468 31.261768
121.495855 31.346132
121.594933 31.261540
121.412852 31.214703
121.462915 31.260088
121.523570 31.233805
121.492847 31.094805
121.554807 31.279668
121.480965 31.247690
121.512525 31.203965
121.520407 31.210207
121.502228 31.282113
121.460230 31.232790
121.477787 31.245643
121.433112 31.219060
121.578512 31.258180
121.503345 31.280687
121.452658 31.252378
121.502583 31.282802
121.630573 31.189307
121.477208 31.228145
121.471822 31.233623
121.530848 31.218945
121.527585 31.324287
121.523358 31.232823
121.488167 31.265450
121.578108 31.123957
121.472535 31.231407
121.482683 31.229443
121.514503 31.177092
121.433712 31.184970
121.510065 31.281895
121.542798 31.292292
121.475260 31.264343
121.471793 31.244395
121.410327 31.154937
121.415207 31.242932
121.490565 31.281068
121.416883 31.173078
121.473685 31.278442
121.448722 31.229038
121.448092 31.248968
121.503310 31.201320
121.482935 31.209918
121.545397 31.285193
121.528472 31.300382
121.456147 31.263737
121.425627 31.191627
121.462960 31.303042
121.454218 31.222265
121.562495 31.307015
121.458443 31.249138
121.368060 31.166835
121.397103 31.211668
121.497425 31.235558
121.489110 31.296083
121.456595 31.232755
121.498968 31.278875
121.510828 31.276258
121.563152 31.141732
121.422612 31.196135
121.436488 31.238233
121.481407 31.304235
121.563453 31.325220
121.418973 31.190265
121.501285 31.254827
121.426273 31.231132
121.437803 31.226003
121.530685 31.290625
121.465295 31.285520
121.271172 31.175567
121.469537 31.250350
121.484225 31.223568
121.486013 31.231515
121.527675 31.326303
121.477193 31.279988
121.417570 31.234223
121.483173 31.383372
121.443597 31.226272
121.512020 31.269695
121.484952 31.248243
121.518910 31.235098
121.518222 31.311727
121.485302 31.234505
121.523047 31.260160
121.463165 31.304928
121.476837 31.249290
121.465243 31.302163
121.383010 31.110515
121.522993 31.189257
121.495438 31.227630
121.533642 31.232048
121.580077 31.256612
121.515207 31.311675
121.514293 31.242345
121.397132 31.202880
121.429637 31.214235
121.422373 31.225083
121.563158 31.168202
121.567725 31.244268
121.484798 31.225017
121.501240 31.255315
121.472857 31.262847
121.452607 31.232908
121.445012 31.260067
121.488598 31.272303
121.414142 31.225405
121.481885 31.305802
121.432927 31.199252
121.521395 31.238285
121.447378 31.250950
121.526420 31.277802
121.504097 31.237252
121.422158 31.225077
121.569555 31.346540
121.489203 31.374135
121.471587 31.251415
121.402675 31.277958
121.496477 31.227810
121.375922 31.196642
121.485745 31.306110
121.486653 31.221475
121.427437 31.194283
121.440328 31.204520
121.678532 31.200538
121.466288 31.302212
121.452450 31.232862
121.483993 31.253912
121.518665 31.320758
121.459530 31.246708
121.472570 31.231352
121.565343 31.267437
121.522548 31.326872
121.453922 31.254262
121.512498 31.282303
121.519773 31.278713
121.531117 31.287362
121.435303 31.246670
121.552840 31.185788
121.481407 31.304235
121.495623 31.275600
121.447540 31.208775
121.431978 31.186775
121.485130 31.203597
121.402593 31.253605
121.420832 31.249623
121.486375 31.237255
121.472970 31.404790
121.451205 31.319670
121.494975 31.222802
121.442577 31.235525
121.400195 31.260317
121.539795 31.283147
121.426722 31.231047
121.403127 31.278047
121.473107 31.240703
121.587542 31.190027
121.525358 31.209782
121.484338 31.235657
121.455297 31.199268
121.565175 31.333148
121.438853 31.226183
121.488068 31.293043
121.475665 31.227782
121.431577 31.203100
121.443222 31.235945
121.484298 31.261297
121.413367 31.220153
121.499577 31.274573
121.516488 31.242685
121.462217 31.262488
121.473115 31.253913
121.483525 31.255182
121.473913 31.226878
121.482098 31.232845
121.421855 31.243337
121.484193 31.254303
121.474963 31.228715
121.474020 31.227032
121.422943 31.231077
121.452827 31.248445
121.522332 31.281788
121.487748 31.214615
121.460663 31.284420
121.447998 31.183372
121.431300 31.203318
121.505865 31.236818
121.578018 31.102648
121.520470 31.213938
121.511115 31.231775
121.506058 31.310063
121.482105 31.242707
121.599113 31.261912
121.515820 31.180413
121.480493 31.216748
121.483285 31.240345
121.429372 31.212355
121.408472 31.209045
121.524858 31.221615
121.481698 31.291750
121.526268 31.269833
121.530660 31.288940
121.434078 31.214397
121.503462 31.301763
121.461012 31.254290
121.483093 31.291230
121.532563 31.245185
121.442180 31.244312
121.484518 31.175140
121.479483 31.265492
121.480360 31.231288
121.517803 31.265997
121.473192 31.241628
121.478645 31.225170
121.439185 31.198765
121.403248 31.250173
121.471945 31.229797
121.485927 31.242935
121.451377 31.261693
121.435663 31.232730
121.449273 31.249918
121.478765 31.228427
121.480545 31.311662
121.536558 31.305720
121.520340 31.254603
121.441477 31.205948
121.472127 31.286885
121.505220 31.197222
121.481148 31.312560
121.452578 31.232870
121.401675 31.255955
121.502010 31.268932
121.363900 31.213375
121.476643 31.231867
121.590358 31.264182
121.547178 31.192790
121.411273 31.277632
121.521398 31.329635
121.427047 31.196248
121.416473 31.210668
121.514487 31.266625
121.429222 31.214167
121.569923 31.249168
121.471387 31.228565
121.482747 31.409857
121.496060 31.240620
121.484868 31.296468
121.473223 31.260233
121.509003 31.228515
121.531160 31.290818
121.497692 31.270950
121.439117 31.185562
121.562225 31.316098
121.433460 31.200803
121.587765 31.088605
121.481665 31.238862
121.483270 31.233005
121.509443 31.305423
121.465243 31.269362
121.571738 31.274672
121.514325 31.276593
121.374178 31.419188
121.574400 31.121655
121.520358 31.233230
121.418982 31.222075
121.455075 31.331015
121.510462 31.228705
121.486463 31.290088
121.470513 31.229295
121.408252 31.188573
121.501460 31.272980
121.571925 31.275502
121.491012 31.385973
121.451858 31.214298
121.508293 31.296728
121.508783 31.297115
121.472595 31.231383
121.513645 31.346897
121.487913 31.217792
121.431992 31.180897
121.532135 31.294777
121.516543 31.273065
121.587910 31.087637
121.486673 31.332758
121.515000 31.243953
121.471798 31.256028
121.484440 31.232755
121.492423 31.251768
121.484517 31.252757
121.435440 31.237495
121.427577 31.231720
121.380765 31.212465
121.466882 31.268240
121.509510 31.298913
121.536363 31.305465
121.497808 31.277485
121.508370 31.296268
121.428772 31.363242
121.437440 31.266038
121.568258 31.291958
121.471330 31.228740
121.440718 31.223670
121.510860 31.232583
121.469665 31.197260
121.404085 31.218158
121.470387 31.259308
121.479280 31.216592
121.472585 31.200608
121.494267 31.274397
121.480557 31.311652
121.478108 31.211750
121.480810 31.231425
121.464403 31.288807
121.539367 31.283357
121.550678 31.232275
121.471645 31.263922
121.503335 31.238515
121.475912 31.231605
121.575405 31.277815
121.513977 31.252840
121.520045 31.283298
121.507550 31.259145
121.540808 31.236590
121.563245 31.324258
121.485510 31.299698
121.486608 31.255083
121.456893 31.275568
121.554497 31.244622
121.503427 31.287058
121.502147 31.267805
121.507083 31.275525
121.444252 31.200730
121.466370 31.233287
121.495048 31.359100
121.363587 31.221943
121.511573 31.315647
121.491872 31.180918
121.426682 31.237347
121.469307 31.238718
121.445258 31.239092
121.443822 31.191482
121.597718 31.258147
121.564545 31.266902
121.448452 31.172635
121.510470 31.310023
121.468930 31.239627
121.464612 31.270225
121.499427 31.261688
121.487368 31.235052
121.520213 31.232470
121.368962 31.167103
121.476602 31.308443
121.387743 31.201323
121.499368 31.232272
121.437772 31.192948
121.443912 31.229675
121.458033 31.220237
121.499840 31.280945
121.484912 31.296540
121.406405 31.207420
121.483860 31.226717
121.431665 31.202037
121.482342 31.232913
121.467330 31.235020
121.594735 31.277407
121.394707 31.263000
121.464813 31.252745
121.405490 31.211862
121.525133 31.254983
121.487695 31.209542
121.482242 31.232480
121.529540 31.255518
121.522967 31.276510
121.483657 31.252335
121.445177 31.214493
121.470612 31.257623
121.411973 31.217655
121.532072 31.286220
121.495487 31.277925
121.467935 31.199872
121.541267 31.204483
121.462923 31.222252
121.356092 31.203738
121.510340 31.232915
121.439212 31.227382
121.435440 31.264820
121.547988 31.253655
121.483450 31.300425
121.441613 31.178238
121.471740 31.305115
121.466490 31.302867
121.428753 31.207862
121.488920 31.305670
121.599883 31.266050
121.517845 31.242748
121.463452 31.227595
121.487507 31.281098
121.392373 31.211638
121.479340 31.233050
121.495217 31.275133
121.485903 31.374132
121.527645 31.209883
121.426667 31.238133
121.421928 31.243338
121.518152 31.230792
121.508492 31.307328
121.524328 31.268957
121.524898 31.216712
121.520163 31.274728
121.486780 31.413052
121.432785 31.180588
121.390373 31.271065
121.488503 31.208057
121.505732 31.240163
121.516223 31.272605
121.382298 31.212448
121.410118 31.353215
121.461880 31.236595
121.430888 31.243500
121.472272 31.230292
121.441245 31.221968
121.589723 31.280898
121.440947 31.235025
121.464187 31.270853
121.410245 31.209840
121.549543 31.287955
121.427783 31.184147
121.406522 31.201792
121.363002 31.190518
121.394605 31.263125
121.531700 31.278710
121.479535 31.237730
121.497522 31.353615
121.479408 31.213420
121.575543 31.240697
121.533630 31.330023
121.444968 31.260472
121.500405 31.281265
121.482873 31.264847
121.475427 31.267677
121.564400 31.331720
121.484725 31.246967
121.440332 31.225138
121.534798 31.282463
121.447440 31.231145
121.391115 31.215300
121.500423 31.221245
121.516702 31.240197
121.482842 31.278463
121.472247 31.233003
121.588093 31.214705
121.558073 31.169553
121.484448 31.253025
121.489255 31.255365
121.507865 31.237635
121.446750 31.195815
121.469317 31.265667
121.451555 31.203977
121.594525 31.277073
121.516983 31.242688
121.532893 31.291577
121.477873 31.269588
121.483270 31.255158
121.416458 31.203602
121.509943 31.256573
121.505042 31.265012
121.485142 31.248762
121.481838 31.292060
121.544890 31.197698
121.481108 31.407730
121.442730 31.219493
121.539575 31.296605
121.483135 31.222645
121.515693 31.242218
121.520542 31.172882
121.466522 31.304688
121.472595 31.231548
121.452128 31.243800
121.549713 31.187707
121.525560 31.281743
121.545055 31.205158
121.491800 31.282680
121.462250 31.254543
121.485550 31.239998
121.425388 31.223693
121.395768 31.263120
121.430515 31.222537
121.479503 31.229025
121.469165 31.229203
121.483773 31.226883
121.485845 31.212977
121.357103 31.210688
121.531852 31.256618
121.487327 31.233523
121.479290 31.250782
121.495442 31.240870
121.507697 31.259380
121.550097 31.226100
121.438303 31.245605
121.513175 31.287045
121.515168 31.264262
121.420897 31.205363
121.519563 31.259147
121.494348 31.274443
121.378403 31.169465
121.505905 31.239780
121.464577 31.222917
121.515537 31.273080
121.496262 31.209260
121.538938 31.298980
121.484337 31.237270
121.429713 31.213980
121.493607 31.162275
121.405032 31.219002
121.473772 31.251992
121.401408 31.256747
121.376020 31.196462
121.465665 31.214947
121.249648 31.373838
121.426820 31.214818
121.417640 31.233898
121.443873 31.238492
121.403080 31.218940
121.410018 31.276545
121.568745 31.270460
121.541107 31.204337
121.469133 31.238590
121.521750 31.195255
121.571687 31.119518
121.468800 31.269828
121.562700 31.246477
121.393763 31.262912
121.505215 31.197487
121.486418 31.231425
121.484425 31.239533
121.435795 31.196175
121.484023 31.263490
121.477238 31.248198
121.522297 31.276128
121.458732 31.276625
121.429992 31.204752
121.457200 31.254220
121.425998 31.214772
121.501572 31.281385
121.590238 31.044087
121.500573 31.213803
121.513402 31.232877
121.422108 31.220620
121.481057 31.399690
121.410080 31.222590
121.528615 31.298025
121.430920 31.232563
121.514380 31.225477
121.511848 31.269518
121.418712 31.179087
121.453655 31.218298
121.524042 31.261105
121.521833 31.326867
121.444613 31.210290
121.554315 31.203660
121.403057 31.277912
121.527753 31.329258
121.376118 31.217062
121.467918 31.224273
121.574133 31.250015
121.503278 31.253788
121.485458 31.412565
121.486818 31.267472
121.453378 31.274213
121.511607 31.210118
121.587567 31.087742
121.368827 31.134818
121.528190 31.283083
121.539532 31.289187
121.549647 31.279308
121.499583 31.274792
121.493978 31.274060
121.510688 31.253790
121.478405 31.283723
121.495172 31.275182
121.479455 31.407162
121.432895 31.365512
121.483532 31.207253
121.482748 31.300867
121.464122 31.226762
121.514940 31.211350
121.605962 31.289592
121.431840 31.202155
121.639080 31.030047
121.308932 31.409905
121.518333 31.242580
121.517832 31.230728
121.477635 31.232858
121.480658 31.316412
121.473858 31.240827
121.571227 31.122390
121.568710 31.116437
121.477910 31.235817
121.422447 31.270098
121.449415 31.202385
121.461997 31.291605
121.588010 31.263223
121.534438 31.308282
121.434690 31.195128
121.491872 31.282080
121.391567 31.211588
121.490353 31.255423
121.485253 31.254610
121.497258 31.210480
121.489038 31.290077
121.515518 31.176620
121.512405 31.276585
121.431998 31.184923
121.482383 31.350120
121.476545 31.278642
121.416263 31.242195
121.478608 31.276840
121.537777 31.208017
121.478458 31.221098
121.451312 31.225898
121.469890 31.253842
121.446958 31.185995
121.496738 31.240220
121.363092 31.190390
121.578840 31.255585
121.564628 31.168308
121.420418 31.223277
121.477948 31.245413
121.444047 31.187540
121.564895 31.266755
121.460587 31.226018
121.510587 31.199063
121.437092 31.222290
121.529727 31.296133
121.517698 31.242622
121.490470 31.281102
121.436500 31.228070
121.572447 31.276415
121.472080 31.258477
121.506787 31.313520
121.483548 31.227108
121.492042 31.215208
121.545243 31.174242
121.434437 31.195922
121.484170 31.263340
121.572612 31.281528
121.530523 31.233062
121.502730 31.282448
121.446842 31.227593
121.514460 31.220667
121.472412 31.232780
121.444037 31.191077
121.501442 31.283165
121.599848 31.267657
121.588173 31.190008
121.513083 31.305218
121.464508 31.237620
121.403255 31.177900
121.514448 31.277052
121.474918 31.229153
121.459175 31.256320
121.432642 31.223090
121.525245 31.228943
121.440428 31.222392
121.506842 31.275468
121.547623 31.269970
121.554875 31.243033
121.508820 31.260107
121.556712 31.242158
121.503135 31.259823
121.534775 31.245658
121.490027 31.392842
121.520077 31.242703
121.407850 31.158283
121.523117 31.212812
121.489660 31.290093
121.433368 31.192383
121.478512 31.282943
121.425420 31.213017
121.491360 31.306675
121.434860 31.219438
121.543273 31.229012
121.525767 31.210048
121.570213 31.132958
121.515058 31.242347
121.450560 31.197428
121.496122 31.276183
121.475162 31.236748
121.496153 31.276168
121.492500 31.382123
121.551577 31.182968
121.497737 31.209175
121.523400 31.234302
121.481185 31.407802
121.482973 31.292273
121.532745 31.166172
121.438683 31.234158
121.464020 31.232910
121.381045 31.212523
121.567133 31.141458
121.428723 31.208638
121.521745 31.195947
121.563267 31.300227
121.495717 31.240153
121.528983 31.330498
121.537940 31.291695
121.439850 31.262063
121.438892 31.198298
121.434563 31.220170
121.503352 31.287140
121.471457 31.260487
121.442563 31.228062
121.431962 31.184793
121.532017 31.286285
121.450933 31.261235
121.485245 31.247765
121.433582 31.206053
121.486252 31.293025
121.437450 31.197210
121.474938 31.228663
121.478605 31.230202
121.413598 31.172525
121.514135 31.286408
121.468663 31.227462
121.478605 31.250518
121.415877 31.255145
121.485473 31.240342
121.502905 31.281408
121.417045 31.241615
121.473407 31.259262
121.421182 31.220765
121.502452 31.272743
121.336747 31.416280
121.490327 31.270842
121.463785 31.332052
121.528035 31.243847
121.546122 31.268975
121.449882 31.228362
121.506048 31.195532
121.495847 31.258753
121.586760 31.272330
121.418307 31.280675
121.402692 31.277982
121.496047 31.239802
121.485640 31.239023