1394
2
121.489657 31.264897 
121.431623 31.182022 
121.460787 31.200312 
121.523915 31.242793 
121.519152 31.254478 
121.433072 31.203492 
121.492407 31.249473 
121.453602 31.207567 
121.452532 31.232850 
121.470818 31.264415 
121.554435 31.203680 
121.587607 31.087450 
121.484053 31.260522 
121.430860 31.213955 
121.510843 31.314152 
121.552027 31.288400 
121.493425 31.342265 
121.501995 31.258223 
121.411280 31.159212 
121.513837 31.223603 
121.475127 31.239240 
121.537295 31.280480 
121.462643 31.298750 
121.501827 31.284145 
121.545108 31.239800 
121.554870 31.250987 
121.467410 31.242287 
121.456873 31.238975 
121.488883 31.255357 
121.382308 31.201555 
121.475623 31.251230 
121.488045 31.234420 
121.475628 31.236280 
121.540148 31.295520 
121.513208 31.213288 
121.572152 31.301845 
121.406455 31.201815 
121.543930 31.199765 
121.477543 31.222455 
121.516978 31.318160 
121.756533 31.056020 
121.481692 31.230398 
121.519552 31.259108 
121.437032 31.196035 
121.414753 31.172670 
121.456743 31.247320 
121.470042 31.249382 
121.605788 31.280912 
121.481838 31.302663 
121.427380 31.219217 
121.387640 31.261497 
121.485622 31.223402 
121.402512 31.161273 
121.563157 31.148575 
121.585760 31.272052 
121.579577 31.088462 
121.502212 31.272515 
121.514030 31.214440 
121.542720 31.283537 
121.482495 31.278495 
121.532145 31.265130 
121.524990 31.285488 
121.505538 31.309942 
121.553578 31.240447 
121.516403 31.228167 
121.448108 31.202040 
121.466540 31.249055 
121.397418 31.207742 
121.523437 31.323680 
121.442882 31.243607 
121.465988 31.223447 
121.468793 31.235495 
121.477748 31.268567 
121.499585 31.279652 
121.443233 31.212347 
121.362705 31.191422 
121.441578 31.220080 
121.485232 31.248047 
121.481372 31.235845 
121.491762 31.272048 
121.502255 31.258723 
121.387347 31.270922 
121.488228 31.214798 
121.495783 31.227627 
121.490178 31.305267 
121.492875 31.341137 
121.443685 31.217728 
121.509443 31.305423 
121.388617 31.215330 
121.506657 31.275407 
121.433393 31.201043 
121.531370 31.231520 
121.484077 31.260692 
121.491912 31.180812 
121.509712 31.299612 
121.480788 31.237970 
121.537615 31.298248 
121.437447 31.186418 
121.423417 31.204458 
121.742375 31.177667 
121.487315 31.233450 
121.485313 31.295092 
121.442152 31.243715 
121.549737 31.287885 
121.505000 31.239775 
121.555032 31.247450 
121.506508 31.292748 
121.560887 31.155667 
121.358875 31.416812 
121.538607 31.326952 
121.488237 31.233990 
121.504778 31.237098 
121.556252 31.260345 
121.482587 31.231847 
121.470885 31.215827 
121.540520 31.285430 
121.560047 31.175450 
121.438898 31.191992 
121.475005 31.195875 
121.551048 31.272397 
121.499262 31.279085 
121.484403 31.233750 
121.475308 31.234773 
121.476540 31.308487 
121.507622 31.240193 
121.395083 31.211667 
121.489072 31.176077 
121.568938 31.270600 
121.440715 31.223490 
121.520390 31.264247 
121.541898 31.265610 
121.524355 31.260765 
121.487083 31.235860 
121.460420 31.232903 
121.547372 31.253028 
121.418780 31.255400 
121.431678 31.201997 
121.377097 31.197223 
121.440602 31.205070 
121.525547 31.311695 
121.538013 31.207892 
121.447680 31.231370 
121.494983 31.259857 
121.483860 31.206362 
121.438885 31.202513 
121.528165 31.163438 
121.458438 31.239803 
121.697675 31.176677 
121.360990 31.210522 
121.572555 31.281882 
121.515495 31.230753 
121.552715 31.179413 
121.407942 31.204685 
121.527513 31.255177 
121.482508 31.350200 
121.422175 31.224892 
121.402348 31.202037 
121.429613 31.206048 
121.393685 31.207715 
121.472903 31.274302 
121.473260 31.199630 
121.489203 31.374135 
121.558850 31.250183 
121.532480 31.278907 
121.525493 31.257430 
121.527152 31.278013 
121.473935 31.240922 
121.484623 31.297303 
121.456610 31.235003 
121.418967 31.199003 
121.551435 31.185477 
121.464238 31.222858 
121.660048 31.033848 
121.438447 31.226507 
121.585303 31.262338 
121.418785 31.188167 
121.501865 31.270925 
121.498945 31.239517 
121.418508 31.191953 
121.608818 31.267127 
121.556732 31.108318 
121.466788 31.223692 
121.512517 31.282290 
121.473502 31.262372 
121.475255 31.264828 
121.434390 31.219885 
121.486608 31.372812 
121.470303 31.229227 
121.414775 31.163547 
121.375027 31.213903 
121.467018 31.224717 
121.483520 31.384205 
121.501765 31.284035 
121.516423 31.237113 
121.502733 31.263395 
121.483495 31.300690 
121.445432 31.211788 
121.502132 31.263952 
121.504625 31.239230 
121.471493 31.226135 
121.485432 31.264283 
121.555938 31.241775 
121.442687 31.184268 
121.477890 31.242197 
121.518620 31.210293 
121.504590 31.237170 
121.392430 31.201092 
121.464922 31.222993 
121.539450 31.296715 
121.489622 31.250457 
121.519355 31.266695 
121.488812 31.223858 
121.484970 31.224678 
121.535340 31.281885 
121.544215 31.224448 
121.426422 31.215000 
121.429025 31.182990 
121.475165 31.269522 
121.404882 31.195170 
121.493483 31.283448 
121.494822 31.377635 
121.476167 31.278187 
121.483468 31.251525 
121.439743 31.222683 
121.488948 31.224012 
121.456265 31.234632 
121.498063 31.277858 
121.587063 31.093683 
121.427143 31.254203 
121.527653 31.312653 
121.524350 31.233037 
121.468873 31.229783 
121.587533 31.087798 
121.533185 31.166362 
121.496823 31.209573 
121.522880 31.226237 
121.419380 31.271362 
121.534148 31.299210 
121.471230 31.234285 
121.385322 31.216232 
121.454047 31.218553 
121.506910 31.253195 
121.527587 31.312252 
121.481357 31.304493 
121.418327 31.220795 
121.540812 31.330668 
121.565793 31.117975 
121.502298 31.267283 
121.557083 31.242293 
121.478255 31.223318 
121.428553 31.251622 
121.482437 31.222497 
121.497812 31.277515 
121.471762 31.233697 
121.430630 31.180863 
121.539817 31.290905 
121.476568 31.279238 
121.446895 31.174360 
121.486682 31.267252 
121.446248 31.230662 
121.507173 31.310007 
121.562588 31.149787 
121.417128 31.241483 
121.431643 31.202677 
121.492272 31.382622 
121.500413 31.256452 
121.413372 31.241107 
121.466977 31.222665 
121.355827 31.203702 
121.476675 31.225602 
121.474918 31.236582 
121.507070 31.293898 
121.575545 31.277797 
121.509910 31.275930 
121.398977 31.203467 
121.501992 31.263620 
121.537800 31.298915 
121.481888 31.252910 
121.492982 31.273355 
121.387738 31.270985 
121.405488 31.237450 
121.403083 31.278088 
121.433982 31.214388 
121.440752 31.224568 
121.523452 31.311675 
121.506427 31.253518 
121.484798 31.200510 
121.563558 31.246807 
121.421217 31.184573 
121.447805 31.231183 
121.477707 31.269902 
121.538940 31.237775 
121.559528 31.162585 
121.495787 31.240335 
121.424395 31.255242 
121.428550 31.208892 
121.521428 31.210180 
121.458892 31.232412 
121.542062 31.203010 
121.432053 31.195303 
121.442440 31.219633 
121.509900 31.281825 
121.443280 31.229422 
121.380870 31.212505 
121.534355 31.312850 
121.576478 31.252432 
121.448322 31.177415 
121.484937 31.284263 
121.525950 31.261897 
121.472615 31.231783 
121.517317 31.202413 
121.391928 31.271152 
121.384398 31.200217 
121.512567 31.212352 
121.442702 31.211240 
121.731957 31.042513 
121.452777 31.247910 
121.468647 31.229398 
121.480188 31.206182 
121.521662 31.232247 
121.542050 31.289197 
121.485805 31.254762 
121.513107 31.226165 
121.487027 31.216817 
121.354793 31.210667 
121.422470 31.185300 
121.479413 31.269537 
121.407157 31.178705 
121.484392 31.252325 
121.502867 31.270500 
121.495213 31.240992 
121.507563 31.265747 
121.471890 31.233067 
121.427213 31.218595 
121.373983 31.214412 
121.550025 31.288048 
121.528872 31.243955 
121.482508 31.222528 
121.513257 31.270498 
121.522153 31.232707 
121.562543 31.150063 
121.542223 31.282142 
121.480857 31.248922 
121.571762 31.119455 
121.430343 31.217687 
121.463200 31.272165 
121.547162 31.192542 
121.494518 31.228998 
121.401705 31.207690 
121.334518 31.415253 
121.419605 31.239527 
121.484052 31.216550 
121.399682 31.234095 
121.485957 31.265547 
121.484127 31.260300 
121.526123 31.261910 
121.599933 31.268273 
121.483510 31.270245 
121.501148 31.299087 
121.468458 31.226242 
121.444995 31.226950 
121.443152 31.229462 
121.512092 31.211923 
121.486272 31.201912 
121.576975 31.108485 
121.418812 31.222178 
121.527557 31.329537 
121.431197 31.267963 
121.460842 31.225527 
121.501493 31.218125 
121.572955 31.347078 
121.463397 31.288525 
121.496397 31.209730 
121.589803 31.281203 
121.507642 31.252988 
121.552417 31.287173 
121.484658 31.297455 
121.588470 31.195927 
121.406100 31.211570 
121.385460 31.216088 
121.565153 31.333123 
121.525883 31.257152 
121.398120 31.207818 
121.508558 31.236183 
121.395625 31.213718 
121.437755 31.221565 
121.546907 31.222427 
121.486075 31.395828 
121.464122 31.246547 
121.526788 31.208767 
121.470040 31.258955 
121.428610 31.211643 
121.480450 31.400642 
121.486013 31.231515 
121.500673 31.255890 
121.432755 31.242152 
121.481853 31.304700 
121.440312 31.234965 
121.534795 31.299292 
121.493023 31.238450 
121.527725 31.319327 
121.365510 31.210158 
121.501985 31.284320 
121.460920 31.205728 
121.470792 31.240088 
121.520762 31.231918 
121.558162 31.168055 
121.457865 31.254140 
121.415587 31.255012 
121.548277 31.270492 
121.451760 31.253072 
121.502218 31.284595 
121.472570 31.240525 
121.504002 31.270483 
121.441282 31.200093 
121.528527 31.298138 
121.427617 31.176580 
121.488117 31.281758 
121.432777 31.242035 
121.488037 31.375097 
121.362918 31.191003 
121.466323 31.229542 
121.451335 31.319593 
121.299895 31.181462 
121.531537 31.313643 
121.470633 31.228670 
121.515098 31.242495 
121.414788 31.210667 
121.386445 31.270585 
121.553785 31.281520 
121.478590 31.286502 
121.491528 31.284478 
121.507137 31.309105 
121.571000 31.124750 
121.489283 31.413768 
121.460860 31.307975 
121.478777 31.257303 
121.541375 31.282715 
121.481100 31.304712 
121.484065 31.260828 
121.438963 31.227437 
121.480528 31.311968 
121.489930 31.370967 
121.552483 31.279923 
121.486240 31.385447 
121.488020 31.249330 
121.542833 31.220257 
121.490822 31.281067 
121.552305 31.180913 
121.486720 31.234613 
121.460565 31.200483 
121.434357 31.269182 
121.466642 31.244893 
121.402688 31.206748 
121.440803 31.224522 
121.499608 31.252662 
121.388473 31.215370 
121.371715 31.361217 
121.456295 31.219455 
121.511560 31.301598 
121.489050 31.269875 
121.480967 31.248317 
121.461815 31.307998 
121.488038 31.371813 
121.463135 31.225582 
121.510443 31.208843 
121.477770 31.268833 
121.381530 31.212482 
121.465595 31.268957 
121.437693 31.218675 
121.485652 31.239108 
121.470670 31.264522 
121.468917 31.210157 
121.499912 31.222988 
121.484017 31.281215 
121.419800 31.180352 
121.462670 31.297777 
121.364782 31.183518 
121.536897 31.269227 
121.491773 31.272153 
121.447183 31.257185 
121.477763 31.268512 
121.593558 31.030253 
121.471773 31.226887 
121.510692 31.302815 
121.524663 31.210037 
121.488253 31.205562 
121.487770 31.375650 
121.432755 31.228203 
121.493145 31.341508 
121.500670 31.281902 
121.470987 31.251242 
121.530610 31.218395 
121.480623 31.242492 
121.503103 31.201962 
121.598155 31.259042 
121.503345 31.265383 
121.511715 31.211168 
121.556400 31.205863 
121.538970 31.297392 
121.485975 31.238797 
121.443832 31.212427 
121.399478 31.238178 
121.493597 31.363052 
121.488847 31.335792 
121.514660 31.220353 
121.489200 31.233203 
121.510592 31.303940 
121.425315 31.190978 
121.485572 31.223490 
121.510505 31.257533 
121.432855 31.180662 
121.415272 31.160700 
121.466392 31.267713 
121.425963 31.213890 
121.430133 31.243877 
121.503145 31.266158 
121.404088 31.205973 
121.472705 31.258480 
121.471022 31.257017 
121.485545 31.264638 
121.572583 31.280747 
121.509378 31.260615 
121.429542 31.205907 
121.481090 31.309218 
121.709237 31.039603 
121.483687 31.298747 
121.502525 31.264225 
121.540705 31.304147 
121.464138 31.225823 
121.481565 31.238813 
121.501253 31.214898 
121.602193 31.272082 
121.481833 31.276485 
121.541295 31.204148 
121.488433 31.295208 
121.476083 31.227303 
121.482582 31.411490 
121.470507 31.240142 
121.470057 31.264920 
121.457542 31.254133 
121.538510 31.289193 
121.487133 31.223990 
121.461933 31.254467 
121.476592 31.225668 
121.511170 31.276303 
121.446638 31.215320 
121.488672 31.173083 
121.497200 31.354172 
121.473923 31.228045 
121.494705 31.239530 
121.544832 31.174177 
121.385222 31.207827 
121.518972 31.228415 
121.515550 31.311672 
121.477762 31.269928 
121.512640 31.229543 
121.530830 31.217935 
121.570055 31.249100 
121.439718 31.203442 
121.480715 31.230045 
121.465830 31.232405 
121.513340 31.229662 
121.471962 31.229798 
121.523637 31.233148 
121.510997 31.231555 
121.454458 31.231912 
121.457800 31.198310 
121.469912 31.258765 
121.492655 31.257322 
121.370192 31.193387 
121.452377 31.226060 
121.490315 31.281115 
121.511553 31.262542 
121.522498 31.284192 
121.464158 31.270933 
121.488573 31.281137 
121.474917 31.272938 
121.536928 31.279618 
121.533670 31.329527 
121.483563 31.213832 
121.455297 31.331745 
121.488878 31.233102 
121.549708 31.288072 
121.488170 31.268405 
121.480837 31.322347 
121.480748 31.242495 
121.527608 31.308243 
121.484755 31.262392 
121.475447 31.227955 
121.454685 31.233217 
121.442757 31.212343 
121.598912 31.263138 
121.514508 31.266452 
121.427182 31.278567 
121.464270 31.270653 
121.403212 31.199338 
121.423080 31.229728 
121.486490 31.201707 
121.478825 31.220065 
121.513020 31.232707 
121.376087 31.209522 
121.452675 31.225600 
121.540028 31.234933 
121.475337 31.267183 
121.524942 31.338523 
121.494550 31.254387 
121.602428 31.292087 
121.427468 31.194747 
121.447225 31.215682 
121.418245 31.240892 
121.455245 31.330887 
121.486342 31.223908 
121.482713 31.239282 
121.391505 31.223675 
121.477973 31.233485 
121.480832 31.318433 
121.476028 31.222130 
121.249357 31.373762 
121.478423 31.227763 
121.481663 31.234983 
121.462698 31.228605 
121.570507 31.249223 
121.555282 31.173038 
121.385780 31.211980 
121.451145 31.225938 
121.422917 31.237063 
121.480807 31.320637 
121.461107 31.275082 
121.476008 31.226950 
121.374345 31.419113 
121.467282 31.267503 
121.441870 31.231727 
121.552217 31.288037 
121.376232 31.196837 
121.503902 31.288080 
121.478268 31.270295 
121.449598 31.202502 
121.486775 31.221090 
121.494385 31.224467 
121.484608 31.233802 
121.588422 31.263398 
121.491347 31.231608 
121.474887 31.196008 
121.733715 31.195387 
121.560040 31.158480 
121.431792 31.186810 
121.499878 31.223058 
121.443300 31.218437 
121.481690 31.247198 
121.521813 31.279253 
121.525843 31.261803 
121.488155 31.233853 
121.524430 31.285268 
121.497163 31.156927 
121.536843 31.246542 
121.556373 31.260427 
121.558728 31.166002 
121.433278 31.213700 
121.423997 31.212118 
121.541800 31.203655 
121.460010 31.276410 
121.485148 31.263565 
121.435528 31.237975 
121.401627 31.207652 
121.429268 31.420147 
121.424830 31.183558 
121.482588 31.229218 
121.493878 31.258022 
121.440422 31.225020 
121.565822 31.241625 
121.479072 31.256293 
121.478998 31.224080 
121.485585 31.239227 
121.590012 31.279945 
121.440208 31.204347 
121.514427 31.219190 
121.496740 31.209407 
121.488055 31.217300 
121.439118 31.239013 
121.604615 31.269715 
121.558877 31.246762 
121.491395 31.260185 
121.467287 31.221527 
121.478530 31.244003 
121.389400 31.185953 
121.445222 31.230188 
121.496473 31.282210 
121.496852 31.240398 
121.451342 31.226145 
121.452415 31.232740 
121.486852 31.216630 
121.473397 31.231010 
121.499508 31.274727 
121.467787 31.242020 
121.518945 31.242770 
121.421902 31.200565 
121.443055 31.212017 
121.490883 31.205375 
121.550015 31.289568 
121.507108 31.309907 
121.456938 31.225687 
121.552107 31.273177 
121.483875 31.203407 
121.467167 31.238822 
121.526833 31.255038 
121.466707 31.229160 
121.533632 31.330208 
121.507698 31.240402 
121.479892 31.169983 
121.366820 31.210095 
121.411885 31.221760 
121.431962 31.184842 
121.507643 31.275562 
121.499100 31.281222 
121.546462 31.237398 
121.490838 31.386088 
121.487452 31.307057 
121.418302 31.268287 
121.470227 31.271093 
121.355612 31.204463 
121.537222 31.280462 
121.459817 31.221060 
121.453575 31.204173 
121.476802 31.279532 
121.478475 31.220708 
121.466472 31.268240 
121.491142 31.255947 
121.472910 31.205792 
121.412047 31.209833 
121.492915 31.273315 
121.464140 31.270975 
121.349000 31.172075 
121.405270 31.419898 
121.479147 31.262138 
121.571305 31.345793 
121.419683 31.249562 
121.464152 31.270970 
121.435257 31.237842 
121.478295 31.228642 
121.421780 31.257235 
121.566770 31.117280 
121.435325 31.243938 
121.463102 31.301957 
121.567188 31.269247 
121.412918 31.217050 
121.472100 31.233267 
121.520263 31.233335 
121.480882 31.323725 
121.527647 31.315315 
121.501203 31.283032 
121.461647 31.235247 
121.565138 31.266442 
121.566635 31.268775 
121.491977 31.280327 
121.563920 31.244253 
121.468893 31.211585 
121.462593 31.264963 
121.267717 31.167447 
121.483640 31.206840 
121.466903 31.223247 
121.482762 31.202728 
121.537423 31.237202 
121.431028 31.232532 
121.397307 31.220268 
121.413402 31.358387 
121.442605 31.200733 
121.513088 31.212945 
121.474077 31.261932 
121.496702 31.210378 
121.505847 31.239973 
121.480260 31.246862 
121.493428 31.283420 
121.481215 31.304318 
121.476853 31.225297 
121.471345 31.234493 
121.489003 31.201035 
121.466807 31.222820 
121.518140 31.237062 
121.437995 31.236620 
121.483668 31.290560 
121.511708 31.229647 
121.491928 31.307952 
121.412238 31.221218 
121.519502 31.259600 
121.494425 31.089217 
121.367995 31.200028 
121.464917 31.283942 
121.491913 31.366682 
121.472340 31.236035 
121.443605 31.229615 
121.479378 31.264033 
121.479253 31.223433 
121.470600 31.251132 
121.501423 31.283322 
121.485910 31.242578 
121.584460 31.262412 
121.478867 31.223572 
121.480575 31.316798 
121.532425 31.302902 
121.512102 31.212045 
121.601983 31.268050 
121.497778 31.277665 
121.537695 31.326837 
121.527038 31.209475 
121.558863 31.261963 
121.363927 31.213738 
121.483387 31.239290 
121.470882 31.271573 
121.521430 31.210010 
121.479145 31.224063 
121.535863 31.209043 
121.415797 31.255178 
121.432810 31.239187 
121.499147 31.281230 
121.455330 31.211563 
121.541390 31.312170 
121.485520 31.239338 
121.446617 31.252403 
121.466527 31.238510 
121.467145 31.239490 
121.486962 31.236122 
121.474300 31.252672 
121.380598 31.212433 
121.468925 31.229365 
121.491620 31.256370 
121.388582 31.215348 
121.435345 31.231398 
121.438532 31.243785 
121.524738 31.222527 
121.540748 31.294173 
121.363935 31.213630 
121.454912 31.247945 
121.440595 31.204872 
121.390812 31.213257 
121.517038 31.210607 
121.485742 31.242253 
121.502063 31.267637 
121.504032 31.197127 
121.440667 31.239750 
121.605787 31.279073 
121.533262 31.326867 
121.417135 31.235038 
121.475647 31.279658 
121.409783 31.209935 
121.487720 31.235063 
121.464643 31.232953 
121.442920 31.175432 
121.426762 31.193587 
121.441760 31.264710 
121.440643 31.222522 
121.484960 31.232118 
121.527528 31.325273 
121.487423 31.219050 
121.515578 31.182398 
121.582630 31.262585 
121.374247 31.215728 
121.493642 31.404057 
121.483012 31.222067 
121.415820 31.237558 
121.467817 31.280653 
121.459865 31.220722 
121.536982 31.230985 
121.467433 31.267270 
121.451242 31.247928 
121.420212 31.215112 
121.543743 31.239288 
121.466763 31.246007 
121.485988 31.280403 
121.431688 31.202032 
121.483117 31.384518 
121.409367 31.182605 
121.557477 31.206130 
121.423127 31.229430 
121.428375 31.239410 
121.477518 31.247363 
121.402720 31.277955 
121.486562 31.254945 
121.499555 31.208080 
121.476885 31.226163 
121.475550 31.227833 
121.426123 31.236423 
121.523452 31.254910 
121.537107 31.246700 
121.489435 31.305433 
121.362393 31.191872 
121.496922 31.240248 
121.442577 31.225473 
121.418297 31.220735 
121.508620 31.240195 
121.428010 31.237073 
121.413663 31.170632 
121.509813 31.234042 
121.437250 31.222523 
121.465577 31.226017 
121.458068 31.277133 
121.566538 31.117553 
121.539825 31.287137 
121.473443 31.253565 
121.393545 31.214350 
121.467847 31.229303 
121.486952 31.220907 
121.493535 31.362645 
121.547770 31.206590 
121.527318 31.270613 
121.572578 31.277107 
121.486853 31.220960 
121.544882 31.294988 
121.438937 31.223820 
121.414077 31.220522 
121.485575 31.243775 
121.533432 31.294162 
121.563615 31.242383 
121.509818 31.234210 
121.437485 31.218998 
121.444187 31.229755 
121.486323 31.237023 
121.490527 31.374730 
121.410352 31.273223 
121.463822 31.226173 
121.570285 31.131552 
121.384502 31.200248 
121.502948 31.264390 
121.565140 31.247558 
121.510755 31.303795 
121.566658 31.117410 
121.570245 31.131878 
121.523102 31.283727 
121.417228 31.234635 
121.436467 31.221747 
121.539473 31.206655 
121.483598 31.207102 
121.544517 31.267893 
121.509095 31.280932 
121.454982 31.190188 
121.437342 31.246720 
121.432347 31.186790 
121.469542 31.250737 
121.475712 31.227205 
121.485152 31.296273 
121.492602 31.227505 
121.476602 31.308462 
121.539220 31.297083 
121.471913 31.241760 
121.469072 31.270012 
121.479847 31.169922 
121.436893 31.197278 
121.452637 31.252813 
121.462408 31.273388 
121.523175 31.234607 
121.386060 31.208100 
121.501722 31.283987 
121.445827 31.211230 
121.681588 31.200993 
121.463172 31.305180 
121.520440 31.210247 
121.439575 31.223032 
121.542008 31.328385 
121.440463 31.181197 
121.775220 31.178280 
121.515175 31.230375 
121.433732 31.242730 
121.450757 31.231468 
121.567045 31.335438 
121.567700 31.336625 
121.526337 31.234048 
121.476947 31.245598 
121.495780 31.357728 
121.496455 31.212297 
121.469740 31.212103 
121.575253 31.121818 
121.515447 31.242392 
121.484275 31.261428 
121.315185 31.411540 
121.518473 31.236535 
121.484402 31.261552 
121.470715 31.235037 
121.515343 31.316398 
121.526862 31.282378 
121.478185 31.224747 
121.391712 31.214738 
121.498260 31.211117 
121.439153 31.185140 
121.249675 31.374075 
121.477567 31.247285 
121.481555 31.305215 
121.482778 31.257328 
121.473782 31.240918 
121.439280 31.223682 
121.357493 31.200305 
121.513062 31.226132 
121.520092 31.264723 
121.505717 31.292040 
121.522387 31.209973 
121.402783 31.211390 
121.506968 31.239627 
121.521063 31.227718 
121.433597 31.197120 
121.450647 31.314247 
121.492127 31.383523 
121.468983 31.270113 
121.472457 31.233688 
121.423015 31.225958 
121.498995 31.232795 
121.522583 31.201723 
121.479798 31.253923 
121.541118 31.204675 
121.484647 31.294210 
121.477492 31.280620 
121.466132 31.302232 
121.516638 31.273115 
121.480172 31.389680 
121.468973 31.265838 
121.476708 31.249962 
121.520307 31.233110 
121.569728 31.249060 
121.437510 31.233542 
121.472333 31.257568 
121.477560 31.247297 
121.537663 31.291450 
121.519720 31.266785 
121.476533 31.250077 
121.465750 31.238143 
121.498507 31.252303 
121.527483 31.324262 
121.355848 31.202465 
121.503623 31.264425 
121.521538 31.194758 
121.549123 31.189092 
121.515913 31.291545 
121.414985 31.163473 
121.547873 31.237918 
121.468852 31.204710 
121.485478 31.241113 
121.538335 31.244583 
121.483905 31.350897 
121.493778 31.362602 
121.487278 31.397535 
121.431917 31.180745 
121.447955 31.236390 
121.513500 31.255397 
121.534173 31.245682 
121.484965 31.224717 
121.510850 31.315018 
121.526435 31.209835 
121.586210 31.099393 
121.563670 31.244445 
121.482818 31.309973 
121.535613 31.281560 
121.498495 31.261020 
121.479513 31.263587 
121.493173 31.363083 
121.452127 31.253028 
121.431645 31.182595 
121.422617 31.231158 
121.469773 31.228145 
121.515105 31.281708 
121.386308 31.210378 
121.518163 31.234458 
121.552843 31.258188 
121.480232 31.251262 
121.524647 31.261468 
121.571290 31.249390 
121.478280 31.405163 
121.467955 31.197468 
121.445055 31.214497 
121.421148 31.224157 
121.491432 31.249088 
121.429158 31.212335 
121.476167 31.249692 
121.469210 31.238655 
121.746072 31.042527 
121.421477 31.211955 
121.495298 31.277897 
121.516232 31.181340 
121.467717 31.235240 
121.485828 31.305157 
121.573067 31.117847 
121.417872 31.233588 
121.381408 31.212550 
121.518133 31.237080 
121.518630 31.231203 
121.472220 31.200182 
121.491348 31.306373 
121.479995 31.233453 
121.465805 31.240215 
121.508510 31.296823 
121.521785 31.210093 
121.516723 31.311645 
121.417532 31.178042 
121.479148 31.224158 
121.479673 31.242443 
121.540025 31.282643 
121.554787 31.279635 
121.552680 31.245395 
121.457827 31.410042 
121.422403 31.243385 
121.587650 31.089702 
121.542210 31.233787 
121.587765 31.088605 
121.492787 31.253758 
121.481387 31.236352 
121.443615 31.223528 
121.510887 31.312962 
121.462992 31.204928 
121.568550 31.244988 
121.485397 31.281230 
121.498075 31.239805 
121.471990 31.242047 
121.529945 31.209767 
121.484932 31.306337 
121.450305 31.202818 
121.431045 31.204357 
121.616252 31.028635 
121.462320 31.225912 
121.426782 31.215560 
121.480690 31.249995 
121.491698 31.284003 
121.509552 31.266263 
121.493335 31.238965 
121.499435 31.279593 
121.490195 31.255407 
121.486048 31.292240 
121.479127 31.250975 
121.536960 31.246713 
121.572917 31.278302 
121.496488 31.210328 
121.517893 31.203477 
121.493148 31.238835 
121.459923 31.276425 
121.456395 31.234765 
121.496852 31.222125 
121.527615 31.324303 
121.473282 31.227612 
121.480582 31.233295 
121.502180 31.203533 
121.406230 31.211513 
121.549965 31.241922 
121.472987 31.262747 
121.541278 31.204542 
121.474862 31.228435 
121.424418 31.201548 
121.472467 31.230180 
121.480448 31.251027 
121.569052 31.137253 
121.482365 31.222413 
121.686683 31.192795 
121.422180 31.231262 
121.480985 31.323420 
121.479735 31.207377 
121.552938 31.258203 
121.375912 31.214715 
121.430967 31.239973 
121.394305 31.211670 
121.485630 31.222882 
121.249518 31.375018 
121.477460 31.222147 
121.355762 31.202897 
121.527738 31.323940 
121.464447 31.288840 
121.487183 31.247582 
121.470362 31.229257 
121.563283 31.244873 
121.559982 31.175607 
121.536590 31.172807 
121.522850 31.276178 
121.418173 31.253863 
121.579297 31.125188 
121.477167 31.235548 
121.364922 31.194782 
121.417077 31.220220 
121.600658 31.221110 
121.489050 31.253570 
121.443435 31.272973 
121.455328 31.318345 
121.441560 31.195893 
121.439792 31.227765 
121.555643 31.241483 
121.496990 31.251702 
121.445042 31.214402 
121.510600 31.206268 
121.415828 31.256732 
121.453613 31.225382 
121.535257 31.199607 
121.547718 31.206575 
121.428612 31.182895 
121.478825 31.228375 
121.442212 31.193215 
121.502897 31.264385 
121.443125 31.185098 
121.521493 31.327755 
121.482085 31.234147 
121.516237 31.311680 
121.556670 31.242147 
121.467130 31.229560 
121.511512 31.259883 
121.458275 31.248693 
121.480180 31.229808 
121.474875 31.274237 
121.483012 31.222067 
121.464857 31.302128 
121.506437 31.236610 
121.468938 31.226128 
121.498485 31.261252 
121.512110 31.227893 
121.521238 31.193987 
121.450382 31.226065 
121.480163 31.205935 
121.510962 31.276228 
121.486617 31.201352 
121.509513 31.227148 
121.481257 31.246128 
121.436702 31.221565 
121.539332 31.326983 
121.648223 31.109763 
121.500277 31.262307 
121.519827 31.233268 
121.425362 31.182273 
121.440033 31.198010 
121.520583 31.210285 
121.420842 31.184933 
121.530110 31.271868 
121.448992 31.301583 
121.510143 31.198348 
121.520523 31.210185 
121.474102 31.230600 
121.409145 31.186787 
121.462692 31.299620 
121.432788 31.181105 
121.482782 31.408260 
121.471988 31.255695 
121.479882 31.251348 
121.499907 31.222590 
121.502528 31.264233 
121.455412 31.278137 
121.481555 31.231810 
121.496443 31.309942 
121.467895 31.266888 
121.480887 31.321543 
121.416772 31.173050 
121.393178 31.207683 
121.488733 31.372448 
121.447430 31.224787 
121.498930 31.254310 
121.414435 31.220642 
121.492782 31.227365 
121.487342 31.333653 
121.493073 31.273293 
121.539470 31.299317 
121.487383 31.219600 
121.475345 31.270398 
121.589812 31.280878 
121.431547 31.184512 
121.491920 31.281425 
121.530137 31.244490 
121.479698 31.288840 
121.335858 31.175022 
121.475202 31.264763 
121.397558 31.175053 
121.493750 31.342488 
121.472198 31.212262 
121.581283 31.214403 
121.462118 31.236353 
121.526172 31.269943 
121.480810 31.309032 
121.556742 31.250317 
121.483795 31.232870 
121.452070 31.249452 
121.421952 31.200642 
121.550465 31.185065 
121.496547 31.209487 
121.425820 31.191537 
121.484847 31.254290 
121.510777 31.232620 
121.523492 31.311668 
121.494757 31.228720 
121.519653 31.266830 
121.413162 31.209832 
121.459118 31.232897 
121.541742 31.228878 
121.485145 31.263367 
121.479317 31.223002 
121.504245 31.264325 
121.390848 31.200720 
121.486285 31.332258 
121.444128 31.225313 
121.431522 31.184478 
121.492837 31.403808 
121.521385 31.230428 
121.414207 31.133112 
121.499448 31.279363 
121.442965 31.219202 
121.506645 31.256063 
121.408010 31.178810 
121.527035 31.282363 
121.514637 31.177480 
121.399817 31.207575 
121.441618 31.200445 
121.559178 31.164798 
121.580378 31.256875 
121.482747 31.232198 
121.364688 31.210150 
121.476215 31.227243 
121.445393 31.297387 
121.477058 31.283433 
121.538123 31.327007 
121.483637 31.269795 
121.527618 31.330327 
121.479252 31.219437 
121.554702 31.275460 
121.389608 31.233462 
121.482582 31.252977 
121.445208 31.230202 
121.601260 31.272960 
121.632927 31.152662 
121.412263 31.172212 
121.484552 31.261923 
121.503492 31.301715 
121.459773 31.240105 
121.533008 31.257343 
121.410405 31.154785 
121.567933 31.292185 
121.513073 31.242018 
121.502433 31.272992 
121.548258 31.270480 
121.405865 31.239792 
121.390860 31.214110 
121.563033 31.245170 
121.538258 31.247027 
121.530623 31.293353 
121.510405 31.233355 
121.471283 31.229347 
121.439772 31.227450 
121.466067 31.204938 
121.523427 31.188192 
121.488962 31.247880 
121.423245 31.212027 
121.474297 31.241005 
121.472573 31.240557 
121.488840 31.288537 
121.528530 31.283253 
121.419337 31.294058 
121.564138 31.266540 
121.527578 31.317887 
121.484495 31.215185 
121.451985 31.225722 
121.424005 31.183992 
121.478208 31.233713 
121.487875 31.205115 
121.447543 31.231260 
121.712245 31.039442 
121.507435 31.236582 
121.482628 31.278457 
121.478172 31.223263 
121.497197 31.222232 
121.477490 31.222067 
121.488315 31.208413 
121.397205 31.207880 
121.439598 31.261492 
121.490792 31.387638 
121.543040 31.244562 
121.471878 31.228617 
121.438637 31.181060 
121.417503 31.191093 
121.478643 31.228212 
121.471302 31.234682 
121.437222 31.186340 
121.426912 31.193910 
121.506338 31.262525 
121.479358 31.263645 
121.497933 31.404600 
121.513502 31.290507 
121.446380 31.258343 
121.487023 31.397922 
121.501995 31.263795 
121.480162 31.289818 
121.431933 31.180748 
121.535033 31.245787 
121.435582 31.196105 
121.510277 31.303897 
121.386288 31.209938 
121.569133 31.270657 
121.436382 31.196550 
121.523382 31.225640 
121.398095 31.186113 
121.419415 31.199323 
121.469290 31.265735 
121.485513 31.244780 
121.514892 31.184355 
121.479452 31.222553 
121.535050 31.245752 
121.481105 31.307202 
121.575687 31.113148 
121.537740 31.307513 